#   RA_deg    DEC_deg      l_deg      b_deg   Rhel_kpc    phi_deg  theta_deg   Rgal_kpc parallax_mas
   28.5788    -6.6248   161.8484   -64.6338      7.900   174.8577   -31.2507     13.760   0.126582
   28.5967    -6.5781   161.8214   -64.5851      7.900   174.8435   -31.2285     13.763   0.126582
   28.6147    -6.5313   161.7945   -64.5365      7.900   174.8293   -31.2063     13.766   0.126582
   28.6326    -6.4846   161.7677   -64.4879      7.900   174.8151   -31.1841     13.770   0.126582
   28.6505    -6.4379   161.7410   -64.4392      7.900   174.8009   -31.1618     13.773   0.126582
   28.6684    -6.3912   161.7144   -64.3905      7.900   174.7868   -31.1396     13.776   0.126582
   28.6863    -6.3444   161.6879   -64.3419      7.900   174.7726   -31.1174     13.779   0.126582
   28.7042    -6.2977   161.6614   -64.2932      7.900   174.7585   -31.0952     13.782   0.126582
   28.7221    -6.2510   161.6351   -64.2445      7.900   174.7444   -31.0729     13.786   0.126582
   28.7399    -6.2042   161.6088   -64.1958      7.900   174.7303   -31.0507     13.789   0.126582
   28.7578    -6.1575   161.5827   -64.1472      7.900   174.7162   -31.0284     13.792   0.126582
   28.7757    -6.1108   161.5566   -64.0985      7.900   174.7022   -31.0062     13.795   0.126582
   28.7936    -6.0641   161.5307   -64.0498      7.900   174.6881   -30.9839     13.799   0.126582
   28.8115    -6.0173   161.5048   -64.0011      7.900   174.6741   -30.9616     13.802   0.126582
   28.8293    -5.9706   161.4790   -63.9524      7.900   174.6601   -30.9394     13.805   0.126582
   28.8472    -5.9239   161.4533   -63.9037      7.900   174.6461   -30.9171     13.808   0.126582
   28.8651    -5.8771   161.4277   -63.8550      7.900   174.6321   -30.8948     13.811   0.126582
   28.8829    -5.8304   161.4022   -63.8062      7.900   174.6182   -30.8725     13.815   0.126582
   28.9008    -5.7837   161.3767   -63.7575      7.900   174.6042   -30.8502     13.818   0.126582
   28.9187    -5.7369   161.3514   -63.7088      7.900   174.5903   -30.8279     13.821   0.126582
   28.9365    -5.6902   161.3261   -63.6601      7.900   174.5764   -30.8056     13.824   0.126582
   28.9544    -5.6434   161.3010   -63.6113      7.900   174.5625   -30.7833     13.828   0.126582
   28.9722    -5.5967   161.2759   -63.5626      7.900   174.5486   -30.7610     13.831   0.126582
   28.9901    -5.5500   161.2509   -63.5139      7.900   174.5348   -30.7387     13.834   0.126582
   29.0079    -5.5032   161.2260   -63.4651      7.900   174.5209   -30.7164     13.837   0.126582
   29.0258    -5.4565   161.2012   -63.4164      7.900   174.5071   -30.6940     13.840   0.126582
   29.0436    -5.4098   161.1764   -63.3676      7.900   174.4933   -30.6717     13.843   0.126582
   29.0615    -5.3630   161.1518   -63.3188      7.900   174.4795   -30.6494     13.847   0.126582
   29.0793    -5.3163   161.1272   -63.2701      7.900   174.4657   -30.6270     13.850   0.126582
   29.0971    -5.2695   161.1027   -63.2213      7.900   174.4519   -30.6047     13.853   0.126582
   29.1150    -5.2228   161.0783   -63.1725      7.900   174.4381   -30.5823     13.856   0.126582
   29.1328    -5.1761   161.0540   -63.1238      7.900   174.4244   -30.5600     13.859   0.126582
   29.1506    -5.1293   161.0297   -63.0750      7.900   174.4107   -30.5376     13.863   0.126582
   29.1684    -5.0826   161.0056   -63.0262      7.900   174.3970   -30.5153     13.866   0.126582
   29.1863    -5.0358   160.9815   -62.9774      7.900   174.3833   -30.4929     13.869   0.126582
   29.2041    -4.9891   160.9575   -62.9286      7.900   174.3696   -30.4705     13.872   0.126582
   29.2219    -4.9423   160.9336   -62.8798      7.900   174.3560   -30.4481     13.875   0.126582
   29.2397    -4.8956   160.9097   -62.8310      7.900   174.3423   -30.4258     13.878   0.126582
   29.2575    -4.8489   160.8860   -62.7822      7.900   174.3287   -30.4034     13.882   0.126582
   29.2753    -4.8021   160.8623   -62.7334      7.900   174.3151   -30.3810     13.885   0.126582
   29.2931    -4.7554   160.8387   -62.6846      7.900   174.3015   -30.3586     13.888   0.126582
   29.3109    -4.7086   160.8152   -62.6357      7.900   174.2879   -30.3362     13.891   0.126582
   29.3287    -4.6619   160.7917   -62.5869      7.900   174.2743   -30.3138     13.894   0.126582
   29.3465    -4.6151   160.7684   -62.5381      7.900   174.2608   -30.2914     13.897   0.126582
   29.3643    -4.5684   160.7451   -62.4893      7.900   174.2472   -30.2690     13.901   0.126582
   29.3821    -4.5216   160.7219   -62.4404      7.900   174.2337   -30.2465     13.904   0.126582
   29.3999    -4.4749   160.6987   -62.3916      7.900   174.2202   -30.2241     13.907   0.126582
   29.4177    -4.4281   160.6756   -62.3428      7.900   174.2067   -30.2017     13.910   0.126582
   29.4355    -4.3814   160.6527   -62.2939      7.900   174.1933   -30.1793     13.913   0.126582
   29.4533    -4.3347   160.6297   -62.2451      7.900   174.1798   -30.1568     13.916   0.126582
   29.4711    -4.2879   160.6069   -62.1962      7.900   174.1664   -30.1344     13.919   0.126582
   29.4889    -4.2412   160.5841   -62.1473      7.900   174.1529   -30.1119     13.923   0.126582
   29.5066    -4.1944   160.5614   -62.0985      7.900   174.1395   -30.0895     13.926   0.126582
   29.5244    -4.1477   160.5388   -62.0496      7.900   174.1261   -30.0670     13.929   0.126582
   29.5422    -4.1009   160.5163   -62.0008      7.900   174.1127   -30.0446     13.932   0.126582
   29.5600    -4.0542   160.4938   -61.9519      7.900   174.0994   -30.0221     13.935   0.126582
   29.5778    -4.0074   160.4714   -61.9030      7.900   174.0860   -29.9996     13.938   0.126582
   29.5955    -3.9607   160.4491   -61.8541      7.900   174.0727   -29.9771     13.941   0.126582
   29.6133    -3.9139   160.4268   -61.8052      7.900   174.0594   -29.9547     13.944   0.126582
   29.6311    -3.8672   160.4046   -61.7564      7.900   174.0461   -29.9322     13.948   0.126582
   29.6488    -3.8204   160.3825   -61.7075      7.900   174.0328   -29.9097     13.951   0.126582
   29.6666    -3.7736   160.3605   -61.6586      7.900   174.0195   -29.8872     13.954   0.126582
   29.6844    -3.7269   160.3385   -61.6097      7.900   174.0062   -29.8647     13.957   0.126582
   29.7021    -3.6801   160.3166   -61.5608      7.900   173.9930   -29.8422     13.960   0.126582
   29.7199    -3.6334   160.2948   -61.5119      7.900   173.9798   -29.8197     13.963   0.126582
   29.7376    -3.5866   160.2730   -61.4630      7.900   173.9666   -29.7972     13.966   0.126582
   29.7554    -3.5399   160.2513   -61.4141      7.900   173.9534   -29.7747     13.969   0.126582
   29.7731    -3.4931   160.2297   -61.3651      7.900   173.9402   -29.7521     13.972   0.126582
   29.7909    -3.4464   160.2081   -61.3162      7.900   173.9270   -29.7296     13.975   0.126582
   29.8087    -3.3996   160.1866   -61.2673      7.900   173.9139   -29.7071     13.979   0.126582
   29.8264    -3.3529   160.1652   -61.2184      7.900   173.9007   -29.6846     13.982   0.126582
   29.8442    -3.3061   160.1438   -61.1694      7.900   173.8876   -29.6620     13.985   0.126582
   29.8619    -3.2594   160.1225   -61.1205      7.900   173.8745   -29.6395     13.988   0.126582
   29.8796    -3.2126   160.1013   -61.0716      7.900   173.8614   -29.6169     13.991   0.126582
   29.8974    -3.1658   160.0801   -61.0226      7.900   173.8483   -29.5944     13.994   0.126582
   29.9151    -3.1191   160.0590   -60.9737      7.900   173.8353   -29.5718     13.997   0.126582
   29.9329    -3.0723   160.0380   -60.9247      7.900   173.8222   -29.5493     14.000   0.126582
   29.9506    -3.0256   160.0170   -60.8758      7.900   173.8092   -29.5267     14.003   0.126582
   29.9683    -2.9788   159.9961   -60.8268      7.900   173.7962   -29.5041     14.006   0.126582
   29.9861    -2.9321   159.9753   -60.7779      7.900   173.7832   -29.4816     14.009   0.126582
   30.0038    -2.8853   159.9545   -60.7289      7.900   173.7702   -29.4590     14.012   0.126582
   30.0216    -2.8385   159.9338   -60.6800      7.900   173.7572   -29.4364     14.015   0.126582
   30.0393    -2.7918   159.9132   -60.6310      7.900   173.7442   -29.4138     14.019   0.126582
   30.0570    -2.7450   159.8926   -60.5820      7.900   173.7313   -29.3912     14.022   0.126582
   30.0747    -2.6983   159.8721   -60.5331      7.900   173.7184   -29.3686     14.025   0.126582
   30.0925    -2.6515   159.8516   -60.4841      7.900   173.7055   -29.3460     14.028   0.126582
   30.1102    -2.6048   159.8312   -60.4351      7.900   173.6926   -29.3234     14.031   0.126582
   30.1279    -2.5580   159.8109   -60.3861      7.900   173.6797   -29.3008     14.034   0.126582
   30.1457    -2.5112   159.7906   -60.3371      7.900   173.6668   -29.2782     14.037   0.126582
   30.1634    -2.4645   159.7704   -60.2882      7.900   173.6539   -29.2556     14.040   0.126582
   30.1811    -2.4177   159.7502   -60.2392      7.900   173.6411   -29.2330     14.043   0.126582
   30.1988    -2.3710   159.7301   -60.1902      7.900   173.6283   -29.2104     14.046   0.126582
   30.2166    -2.3242   159.7101   -60.1412      7.900   173.6155   -29.1877     14.049   0.126582
   30.2343    -2.2774   159.6901   -60.0922      7.900   173.6027   -29.1651     14.052   0.126582
   30.2520    -2.2307   159.6702   -60.0432      7.900   173.5899   -29.1425     14.055   0.126582
   30.2697    -2.1839   159.6504   -59.9942      7.900   173.5771   -29.1198     14.058   0.126582
   30.2874    -2.1372   159.6306   -59.9452      7.900   173.5644   -29.0972     14.061   0.126582
   30.3051    -2.0904   159.6109   -59.8962      7.900   173.5516   -29.0745     14.064   0.126582
   30.3229    -2.0436   159.5912   -59.8471      7.900   173.5389   -29.0519     14.067   0.126582
   30.3406    -1.9969   159.5716   -59.7981      7.900   173.5262   -29.0292     14.070   0.126582
   28.5318    -6.6070   161.7349   -64.6453      7.900   174.8274   -31.2594     13.758   0.126582
   28.5497    -6.5603   161.7080   -64.5967      7.900   174.8132   -31.2372     13.761   0.126582
   28.5676    -6.5136   161.6813   -64.5480      7.900   174.7990   -31.2150     13.764   0.126582
   28.5855    -6.4668   161.6547   -64.4993      7.900   174.7849   -31.1928     13.767   0.126582
   28.6034    -6.4201   161.6282   -64.4507      7.900   174.7707   -31.1705     13.771   0.126582
   28.6213    -6.3734   161.6018   -64.4020      7.900   174.7566   -31.1483     13.774   0.126582
   28.6392    -6.3266   161.5754   -64.3533      7.900   174.7424   -31.1261     13.777   0.126582
   28.6571    -6.2799   161.5492   -64.3046      7.900   174.7283   -31.1038     13.780   0.126582
   28.6750    -6.2332   161.5230   -64.2559      7.900   174.7142   -31.0816     13.784   0.126582
   28.6929    -6.1865   161.4970   -64.2072      7.900   174.7002   -31.0593     13.787   0.126582
   28.7108    -6.1397   161.4710   -64.1585      7.900   174.6861   -31.0370     13.790   0.126582
   28.7287    -6.0930   161.4451   -64.1098      7.900   174.6720   -31.0148     13.793   0.126582
   28.7466    -6.0463   161.4193   -64.0611      7.900   174.6580   -30.9925     13.796   0.126582
   28.7645    -5.9995   161.3936   -64.0124      7.900   174.6440   -30.9702     13.800   0.126582
   28.7824    -5.9528   161.3680   -63.9636      7.900   174.6300   -30.9480     13.803   0.126582
   28.8002    -5.9061   161.3425   -63.9149      7.900   174.6160   -30.9257     13.806   0.126582
   28.8181    -5.8593   161.3171   -63.8662      7.900   174.6021   -30.9034     13.809   0.126582
   28.8360    -5.8126   161.2918   -63.8174      7.900   174.5881   -30.8811     13.813   0.126582
   28.8538    -5.7659   161.2665   -63.7687      7.900   174.5742   -30.8588     13.816   0.126582
   28.8717    -5.7191   161.2413   -63.7200      7.900   174.5603   -30.8365     13.819   0.126582
   28.8896    -5.6724   161.2163   -63.6712      7.900   174.5464   -30.8142     13.822   0.126582
   28.9074    -5.6257   161.1913   -63.6225      7.900   174.5325   -30.7919     13.825   0.126582
   28.9253    -5.5789   161.1664   -63.5737      7.900   174.5186   -30.7695     13.829   0.126582
   28.9431    -5.5322   161.1416   -63.5249      7.900   174.5047   -30.7472     13.832   0.126582
   28.9610    -5.4855   161.1168   -63.4762      7.900   174.4909   -30.7249     13.835   0.126582
   28.9788    -5.4387   161.0922   -63.4274      7.900   174.4771   -30.7026     13.838   0.126582
   28.9967    -5.3920   161.0676   -63.3786      7.900   174.4633   -30.6802     13.841   0.126582
   29.0145    -5.3453   161.0431   -63.3298      7.900   174.4495   -30.6579     13.845   0.126582
   29.0323    -5.2985   161.0187   -63.2811      7.900   174.4357   -30.6355     13.848   0.126582
   29.0502    -5.2518   160.9944   -63.2323      7.900   174.4220   -30.6132     13.851   0.126582
   29.0680    -5.2050   160.9702   -63.1835      7.900   174.4082   -30.5908     13.854   0.126582
   29.0859    -5.1583   160.9460   -63.1347      7.900   174.3945   -30.5684     13.857   0.126582
   29.1037    -5.1116   160.9220   -63.0859      7.900   174.3808   -30.5461     13.860   0.126582
   29.1215    -5.0648   160.8980   -63.0371      7.900   174.3671   -30.5237     13.864   0.126582
   29.1393    -5.0181   160.8741   -62.9883      7.900   174.3534   -30.5013     13.867   0.126582
   29.1572    -4.9713   160.8502   -62.9395      7.900   174.3397   -30.4790     13.870   0.126582
   29.1750    -4.9246   160.8265   -62.8906      7.900   174.3261   -30.4566     13.873   0.126582
   29.1928    -4.8779   160.8028   -62.8418      7.900   174.3124   -30.4342     13.876   0.126582
   29.2106    -4.8311   160.7792   -62.7930      7.900   174.2988   -30.4118     13.879   0.126582
   29.2284    -4.7844   160.7557   -62.7442      7.900   174.2852   -30.3894     13.883   0.126582
   29.2462    -4.7376   160.7323   -62.6953      7.900   174.2716   -30.3670     13.886   0.126582
   29.2640    -4.6909   160.7089   -62.6465      7.900   174.2581   -30.3446     13.889   0.126582
   29.2818    -4.6441   160.6856   -62.5977      7.900   174.2445   -30.3221     13.892   0.126582
   29.2996    -4.5974   160.6624   -62.5488      7.900   174.2310   -30.2997     13.895   0.126582
   29.3174    -4.5506   160.6393   -62.5000      7.900   174.2175   -30.2773     13.898   0.126582
   29.3352    -4.5039   160.6163   -62.4511      7.900   174.2039   -30.2549     13.902   0.126582
   29.3530    -4.4572   160.5933   -62.4023      7.900   174.1904   -30.2324     13.905   0.126582
   29.3708    -4.4104   160.5704   -62.3534      7.900   174.1770   -30.2100     13.908   0.126582
   29.3886    -4.3637   160.5476   -62.3045      7.900   174.1635   -30.1876     13.911   0.126582
   29.4064    -4.3169   160.5248   -62.2557      7.900   174.1501   -30.1651     13.914   0.126582
   29.4242    -4.2702   160.5021   -62.2068      7.900   174.1366   -30.1427     13.917   0.126582
   29.4420    -4.2234   160.4795   -62.1579      7.900   174.1232   -30.1202     13.920   0.126582
   29.4598    -4.1767   160.4570   -62.1090      7.900   174.1098   -30.0978     13.924   0.126582
   29.4776    -4.1299   160.4345   -62.0602      7.900   174.0964   -30.0753     13.927   0.126582
   29.4953    -4.0832   160.4122   -62.0113      7.900   174.0831   -30.0528     13.930   0.126582
   29.5131    -4.0364   160.3898   -61.9624      7.900   174.0697   -30.0303     13.933   0.126582
   29.5309    -3.9897   160.3676   -61.9135      7.900   174.0564   -30.0079     13.936   0.126582
   29.5487    -3.9429   160.3454   -61.8646      7.900   174.0430   -29.9854     13.939   0.126582
   29.5664    -3.8962   160.3233   -61.8157      7.900   174.0297   -29.9629     13.942   0.126582
   29.5842    -3.8494   160.3013   -61.7668      7.900   174.0164   -29.9404     13.945   0.126582
   29.6020    -3.8027   160.2793   -61.7179      7.900   174.0032   -29.9179     13.949   0.126582
   29.6197    -3.7559   160.2574   -61.6690      7.900   173.9899   -29.8954     13.952   0.126582
   29.6375    -3.7092   160.2356   -61.6201      7.900   173.9766   -29.8729     13.955   0.126582
   29.6553    -3.6624   160.2139   -61.5712      7.900   173.9634   -29.8504     13.958   0.126582
   29.6730    -3.6157   160.1922   -61.5222      7.900   173.9502   -29.8279     13.961   0.126582
   29.6908    -3.5689   160.1706   -61.4733      7.900   173.9370   -29.8054     13.964   0.126582
   29.7086    -3.5222   160.1490   -61.4244      7.900   173.9238   -29.7828     13.967   0.126582
   29.7263    -3.4754   160.1276   -61.3754      7.900   173.9106   -29.7603     13.970   0.126582
   29.7441    -3.4287   160.1062   -61.3265      7.900   173.8975   -29.7378     13.973   0.126582
   29.7618    -3.3819   160.0848   -61.2776      7.900   173.8843   -29.7152     13.976   0.126582
   29.7796    -3.3351   160.0635   -61.2286      7.900   173.8712   -29.6927     13.980   0.126582
   29.7973    -3.2884   160.0423   -61.1797      7.900   173.8581   -29.6701     13.983   0.126582
   29.8151    -3.2416   160.0212   -61.1307      7.900   173.8450   -29.6476     13.986   0.126582
   29.8328    -3.1949   160.0001   -61.0818      7.900   173.8319   -29.6250     13.989   0.126582
   29.8506    -3.1481   159.9791   -61.0328      7.900   173.8188   -29.6025     13.992   0.126582
   29.8683    -3.1014   159.9581   -60.9839      7.900   173.8058   -29.5799     13.995   0.126582
   29.8860    -3.0546   159.9373   -60.9349      7.900   173.7928   -29.5574     13.998   0.126582
   29.9038    -3.0079   159.9164   -60.8859      7.900   173.7797   -29.5348     14.001   0.126582
   29.9215    -2.9611   159.8957   -60.8370      7.900   173.7667   -29.5122     14.004   0.126582
   29.9393    -2.9143   159.8750   -60.7880      7.900   173.7537   -29.4896     14.007   0.126582
   29.9570    -2.8676   159.8544   -60.7390      7.900   173.7408   -29.4670     14.010   0.126582
   29.9747    -2.8208   159.8338   -60.6901      7.900   173.7278   -29.4444     14.013   0.126582
   29.9925    -2.7741   159.8133   -60.6411      7.900   173.7148   -29.4219     14.016   0.126582
   30.0102    -2.7273   159.7929   -60.5921      7.900   173.7019   -29.3993     14.019   0.126582
   30.0279    -2.6806   159.7725   -60.5431      7.900   173.6890   -29.3767     14.023   0.126582
   30.0457    -2.6338   159.7522   -60.4941      7.900   173.6761   -29.3540     14.026   0.126582
   30.0634    -2.5870   159.7319   -60.4451      7.900   173.6632   -29.3314     14.029   0.126582
   30.0811    -2.5403   159.7117   -60.3961      7.900   173.6503   -29.3088     14.032   0.126582
   30.0989    -2.4935   159.6916   -60.3471      7.900   173.6375   -29.2862     14.035   0.126582
   30.1166    -2.4468   159.6715   -60.2981      7.900   173.6246   -29.2636     14.038   0.126582
   30.1343    -2.4000   159.6515   -60.2491      7.900   173.6118   -29.2410     14.041   0.126582
   30.1520    -2.3533   159.6316   -60.2001      7.900   173.5990   -29.2183     14.044   0.126582
   30.1698    -2.3065   159.6117   -60.1511      7.900   173.5862   -29.1957     14.047   0.126582
   30.1875    -2.2597   159.5918   -60.1021      7.900   173.5734   -29.1730     14.050   0.126582
   30.2052    -2.2130   159.5721   -60.0531      7.900   173.5606   -29.1504     14.053   0.126582
   30.2229    -2.1662   159.5524   -60.0040      7.900   173.5479   -29.1277     14.056   0.126582
   30.2406    -2.1195   159.5327   -59.9550      7.900   173.5351   -29.1051     14.059   0.126582
   30.2584    -2.0727   159.5131   -59.9060      7.900   173.5224   -29.0824     14.062   0.126582
   30.2761    -2.0259   159.4936   -59.8570      7.900   173.5097   -29.0598     14.065   0.126582
   30.2938    -1.9792   159.4741   -59.8079      7.900   173.4970   -29.0371     14.068   0.126582
   28.4848    -6.5892   161.6212   -64.6568      7.900   174.7972   -31.2681     13.755   0.126582
   28.5027    -6.5425   161.5946   -64.6081      7.900   174.7830   -31.2459     13.759   0.126582
   28.5206    -6.4958   161.5680   -64.5594      7.900   174.7688   -31.2237     13.762   0.126582
   28.5385    -6.4490   161.5416   -64.5107      7.900   174.7546   -31.2015     13.765   0.126582
   28.5564    -6.4023   161.5153   -64.4620      7.900   174.7405   -31.1792     13.768   0.126582
   28.5743    -6.3556   161.4890   -64.4133      7.900   174.7264   -31.1570     13.772   0.126582
   28.5922    -6.3089   161.4629   -64.3646      7.900   174.7122   -31.1347     13.775   0.126582
   28.6101    -6.2621   161.4368   -64.3159      7.900   174.6981   -31.1125     13.778   0.126582
   28.6280    -6.2154   161.4109   -64.2672      7.900   174.6841   -31.0902     13.781   0.126582
   28.6459    -6.1687   161.3850   -64.2185      7.900   174.6700   -31.0679     13.785   0.126582
   28.6638    -6.1219   161.3592   -64.1698      7.900   174.6559   -31.0457     13.788   0.126582
   28.6817    -6.0752   161.3335   -64.1210      7.900   174.6419   -31.0234     13.791   0.126582
   28.6996    -6.0285   161.3079   -64.0723      7.900   174.6279   -31.0011     13.794   0.126582
   28.7175    -5.9818   161.2824   -64.0236      7.900   174.6139   -30.9788     13.798   0.126582
   28.7354    -5.9350   161.2570   -63.9748      7.900   174.5999   -30.9565     13.801   0.126582
   28.7532    -5.8883   161.2317   -63.9261      7.900   174.5859   -30.9342     13.804   0.126582
   28.7711    -5.8416   161.2064   -63.8773      7.900   174.5720   -30.9120     13.807   0.126582
   28.7890    -5.7948   161.1813   -63.8286      7.900   174.5580   -30.8896     13.810   0.126582
   28.8069    -5.7481   161.1562   -63.7798      7.900   174.5441   -30.8673     13.814   0.126582
   28.8247    -5.7014   161.1312   -63.7310      7.900   174.5302   -30.8450     13.817   0.126582
   28.8426    -5.6546   161.1063   -63.6823      7.900   174.5163   -30.8227     13.820   0.126582
   28.8605    -5.6079   161.0815   -63.6335      7.900   174.5024   -30.8004     13.823   0.126582
   28.8783    -5.5612   161.0568   -63.5847      7.900   174.4886   -30.7781     13.826   0.126582
   28.8962    -5.5144   161.0321   -63.5359      7.900   174.4747   -30.7557     13.830   0.126582
   28.9140    -5.4677   161.0076   -63.4872      7.900   174.4609   -30.7334     13.833   0.126582
   28.9319    -5.4210   160.9831   -63.4384      7.900   174.4471   -30.7110     13.836   0.126582
   28.9497    -5.3742   160.9587   -63.3896      7.900   174.4333   -30.6887     13.839   0.126582
   28.9676    -5.3275   160.9344   -63.3408      7.900   174.4195   -30.6663     13.842   0.126582
   28.9854    -5.2808   160.9102   -63.2920      7.900   174.4057   -30.6440     13.846   0.126582
   29.0032    -5.2340   160.8860   -63.2432      7.900   174.3920   -30.6216     13.849   0.126582
   29.0211    -5.1873   160.8620   -63.1944      7.900   174.3783   -30.5993     13.852   0.126582
   29.0389    -5.1405   160.8380   -63.1455      7.900   174.3646   -30.5769     13.855   0.126582
   29.0568    -5.0938   160.8141   -63.0967      7.900   174.3508   -30.5545     13.858   0.126582
   29.0746    -5.0471   160.7903   -63.0479      7.900   174.3372   -30.5321     13.862   0.126582
   29.0924    -5.0003   160.7666   -62.9991      7.900   174.3235   -30.5097     13.865   0.126582
   29.1102    -4.9536   160.7429   -62.9502      7.900   174.3098   -30.4874     13.868   0.126582
   29.1281    -4.9068   160.7193   -62.9014      7.900   174.2962   -30.4650     13.871   0.126582
   29.1459    -4.8601   160.6958   -62.8526      7.900   174.2826   -30.4426     13.874   0.126582
   29.1637    -4.8134   160.6724   -62.8037      7.900   174.2690   -30.4202     13.877   0.126582
   29.1815    -4.7666   160.6490   -62.7549      7.900   174.2554   -30.3977     13.881   0.126582
   29.1993    -4.7199   160.6258   -62.7060      7.900   174.2418   -30.3753     13.884   0.126582
   29.2171    -4.6731   160.6026   -62.6572      7.900   174.2282   -30.3529     13.887   0.126582
   29.2349    -4.6264   160.5795   -62.6083      7.900   174.2147   -30.3305     13.890   0.126582
   29.2527    -4.5796   160.5564   -62.5595      7.900   174.2012   -30.3081     13.893   0.126582
   29.2705    -4.5329   160.5335   -62.5106      7.900   174.1877   -30.2856     13.896   0.126582
   29.2884    -4.4862   160.5106   -62.4617      7.900   174.1742   -30.2632     13.899   0.126582
   29.3061    -4.4394   160.4878   -62.4128      7.900   174.1607   -30.2408     13.903   0.126582
   29.3239    -4.3927   160.4650   -62.3640      7.900   174.1472   -30.2183     13.906   0.126582
   29.3417    -4.3459   160.4424   -62.3151      7.900   174.1338   -30.1959     13.909   0.126582
   29.3595    -4.2992   160.4198   -62.2662      7.900   174.1203   -30.1734     13.912   0.126582
   29.3773    -4.2524   160.3973   -62.2173      7.900   174.1069   -30.1509     13.915   0.126582
   29.3951    -4.2057   160.3748   -62.1684      7.900   174.0935   -30.1285     13.918   0.126582
   29.4129    -4.1589   160.3525   -62.1195      7.900   174.0801   -30.1060     13.921   0.126582
   29.4307    -4.1122   160.3302   -62.0706      7.900   174.0667   -30.0835     13.925   0.126582
   29.4485    -4.0654   160.3079   -62.0217      7.900   174.0534   -30.0611     13.928   0.126582
   29.4662    -4.0187   160.2858   -61.9728      7.900   174.0400   -30.0386     13.931   0.126582
   29.4840    -3.9719   160.2637   -61.9239      7.900   174.0267   -30.0161     13.934   0.126582
   29.5018    -3.9252   160.2417   -61.8750      7.900   174.0134   -29.9936     13.937   0.126582
   29.5196    -3.8784   160.2198   -61.8261      7.900   174.0001   -29.9711     13.940   0.126582
   29.5374    -3.8317   160.1979   -61.7772      7.900   173.9868   -29.9486     13.943   0.126582
   29.5551    -3.7849   160.1761   -61.7282      7.900   173.9735   -29.9261     13.946   0.126582
   29.5729    -3.7382   160.1543   -61.6793      7.900   173.9603   -29.9036     13.950   0.126582
   29.5907    -3.6914   160.1327   -61.6304      7.900   173.9470   -29.8811     13.953   0.126582
   29.6084    -3.6447   160.1111   -61.5815      7.900   173.9338   -29.8586     13.956   0.126582
   29.6262    -3.5979   160.0896   -61.5325      7.900   173.9206   -29.8360     13.959   0.126582
   29.6439    -3.5512   160.0681   -61.4836      7.900   173.9074   -29.8135     13.962   0.126582
   29.6617    -3.5044   160.0467   -61.4346      7.900   173.8942   -29.7910     13.965   0.126582
   29.6795    -3.4577   160.0254   -61.3857      7.900   173.8811   -29.7684     13.968   0.126582
   29.6972    -3.4109   160.0041   -61.3367      7.900   173.8679   -29.7459     13.971   0.126582
   29.7150    -3.3642   159.9829   -61.2878      7.900   173.8548   -29.7234     13.974   0.126582
   29.7327    -3.3174   159.9618   -61.2388      7.900   173.8417   -29.7008     13.977   0.126582
   29.7505    -3.2707   159.9408   -61.1899      7.900   173.8286   -29.6783     13.980   0.126582
   29.7682    -3.2239   159.9198   -61.1409      7.900   173.8155   -29.6557     13.984   0.126582
   29.7860    -3.1772   159.8988   -61.0919      7.900   173.8024   -29.6331     13.987   0.126582
   29.8037    -3.1304   159.8780   -61.0430      7.900   173.7894   -29.6106     13.990   0.126582
   29.8215    -3.0837   159.8572   -60.9940      7.900   173.7763   -29.5880     13.993   0.126582
   29.8392    -3.0369   159.8364   -60.9450      7.900   173.7633   -29.5654     13.996   0.126582
   29.8570    -2.9901   159.8158   -60.8960      7.900   173.7503   -29.5428     13.999   0.126582
   29.8747    -2.9434   159.7952   -60.8470      7.900   173.7373   -29.5203     14.002   0.126582
   29.8925    -2.8966   159.7746   -60.7981      7.900   173.7243   -29.4977     14.005   0.126582
   29.9102    -2.8499   159.7541   -60.7491      7.900   173.7113   -29.4751     14.008   0.126582
   29.9279    -2.8031   159.7337   -60.7001      7.900   173.6984   -29.4525     14.011   0.126582
   29.9457    -2.7564   159.7134   -60.6511      7.900   173.6854   -29.4299     14.014   0.126582
   29.9634    -2.7096   159.6931   -60.6021      7.900   173.6725   -29.4073     14.017   0.126582
   29.9811    -2.6628   159.6728   -60.5531      7.900   173.6596   -29.3847     14.020   0.126582
   29.9989    -2.6161   159.6527   -60.5041      7.900   173.6467   -29.3620     14.023   0.126582
   30.0166    -2.5693   159.6326   -60.4551      7.900   173.6338   -29.3394     14.027   0.126582
   30.0343    -2.5226   159.6125   -60.4061      7.900   173.6210   -29.3168     14.030   0.126582
   30.0521    -2.4758   159.5925   -60.3570      7.900   173.6081   -29.2942     14.033   0.126582
   30.0698    -2.4291   159.5726   -60.3080      7.900   173.5953   -29.2715     14.036   0.126582
   30.0875    -2.3823   159.5527   -60.2590      7.900   173.5825   -29.2489     14.039   0.126582
   30.1052    -2.3355   159.5329   -60.2100      7.900   173.5696   -29.2263     14.042   0.126582
   30.1230    -2.2888   159.5132   -60.1609      7.900   173.5569   -29.2036     14.045   0.126582
   30.1407    -2.2420   159.4935   -60.1119      7.900   173.5441   -29.1810     14.048   0.126582
   30.1584    -2.1953   159.4738   -60.0629      7.900   173.5313   -29.1583     14.051   0.126582
   30.1761    -2.1485   159.4543   -60.0139      7.900   173.5186   -29.1357     14.054   0.126582
   30.1938    -2.1018   159.4348   -59.9648      7.900   173.5058   -29.1130     14.057   0.126582
   30.2116    -2.0550   159.4153   -59.9158      7.900   173.4931   -29.0903     14.060   0.126582
   30.2293    -2.0082   159.3959   -59.8667      7.900   173.4804   -29.0677     14.063   0.126582
   30.2470    -1.9615   159.3766   -59.8177      7.900   173.4677   -29.0450     14.066   0.126582
   28.4377    -6.5714   161.5074   -64.6682      7.900   174.7669   -31.2768     13.753   0.126582
   28.4556    -6.5247   161.4810   -64.6195      7.900   174.7527   -31.2546     13.757   0.126582
   28.4736    -6.4780   161.4546   -64.5708      7.900   174.7386   -31.2324     13.760   0.126582
   28.4915    -6.4312   161.4284   -64.5220      7.900   174.7244   -31.2101     13.763   0.126582
   28.5094    -6.3845   161.4023   -64.4733      7.900   174.7103   -31.1879     13.766   0.126582
   28.5273    -6.3378   161.3762   -64.4246      7.900   174.6961   -31.1656     13.770   0.126582
   28.5452    -6.2911   161.3503   -64.3759      7.900   174.6820   -31.1434     13.773   0.126582
   28.5631    -6.2443   161.3244   -64.3271      7.900   174.6679   -31.1211     13.776   0.126582
   28.5810    -6.1976   161.2986   -64.2784      7.900   174.6539   -31.0988     13.779   0.126582
   28.5989    -6.1509   161.2729   -64.2297      7.900   174.6398   -31.0766     13.783   0.126582
   28.6168    -6.1042   161.2473   -64.1809      7.900   174.6258   -31.0543     13.786   0.126582
   28.6347    -6.0574   161.2218   -64.1322      7.900   174.6117   -31.0320     13.789   0.126582
   28.6526    -6.0107   161.1964   -64.0834      7.900   174.5977   -31.0097     13.792   0.126582
   28.6705    -5.9640   161.1711   -64.0347      7.900   174.5837   -30.9874     13.795   0.126582
   28.6884    -5.9172   161.1459   -63.9859      7.900   174.5698   -30.9651     13.799   0.126582
   28.7063    -5.8705   161.1207   -63.9371      7.900   174.5558   -30.9428     13.802   0.126582
   28.7242    -5.8238   161.0956   -63.8884      7.900   174.5419   -30.9205     13.805   0.126582
   28.7420    -5.7771   161.0707   -63.8396      7.900   174.5279   -30.8982     13.808   0.126582
   28.7599    -5.7303   161.0458   -63.7908      7.900   174.5140   -30.8759     13.811   0.126582
   28.7778    -5.6836   161.0210   -63.7420      7.900   174.5001   -30.8535     13.815   0.126582
   28.7956    -5.6369   160.9963   -63.6933      7.900   174.4862   -30.8312     13.818   0.126582
   28.8135    -5.5901   160.9716   -63.6445      7.900   174.4724   -30.8089     13.821   0.126582
   28.8314    -5.5434   160.9471   -63.5957      7.900   174.4585   -30.7866     13.824   0.126582
   28.8492    -5.4967   160.9226   -63.5469      7.900   174.4447   -30.7642     13.828   0.126582
   28.8671    -5.4499   160.8982   -63.4981      7.900   174.4309   -30.7419     13.831   0.126582
   28.8849    -5.4032   160.8739   -63.4492      7.900   174.4171   -30.7195     13.834   0.126582
   28.9028    -5.3565   160.8497   -63.4004      7.900   174.4033   -30.6972     13.837   0.126582
   28.9206    -5.3097   160.8256   -63.3516      7.900   174.3895   -30.6748     13.840   0.126582
   28.9385    -5.2630   160.8016   -63.3028      7.900   174.3758   -30.6524     13.843   0.126582
   28.9563    -5.2163   160.7776   -63.2540      7.900   174.3620   -30.6301     13.847   0.126582
   28.9742    -5.1695   160.7537   -63.2051      7.900   174.3483   -30.6077     13.850   0.126582
   28.9920    -5.1228   160.7299   -63.1563      7.900   174.3346   -30.5853     13.853   0.126582
   29.0098    -5.0760   160.7062   -63.1075      7.900   174.3209   -30.5629     13.856   0.126582
   29.0277    -5.0293   160.6825   -63.0586      7.900   174.3072   -30.5405     13.859   0.126582
   29.0455    -4.9826   160.6590   -63.0098      7.900   174.2936   -30.5181     13.863   0.126582
   29.0633    -4.9358   160.6355   -62.9609      7.900   174.2799   -30.4957     13.866   0.126582
   29.0811    -4.8891   160.6121   -62.9121      7.900   174.2663   -30.4733     13.869   0.126582
   29.0990    -4.8423   160.5887   -62.8632      7.900   174.2527   -30.4509     13.872   0.126582
   29.1168    -4.7956   160.5655   -62.8144      7.900   174.2391   -30.4285     13.875   0.126582
   29.1346    -4.7489   160.5423   -62.7655      7.900   174.2255   -30.4061     13.878   0.126582
   29.1524    -4.7021   160.5192   -62.7166      7.900   174.2120   -30.3837     13.882   0.126582
   29.1702    -4.6554   160.4962   -62.6678      7.900   174.1984   -30.3613     13.885   0.126582
   29.1880    -4.6086   160.4732   -62.6189      7.900   174.1849   -30.3388     13.888   0.126582
   29.2059    -4.5619   160.4504   -62.5700      7.900   174.1713   -30.3164     13.891   0.126582
   29.2237    -4.5152   160.4276   -62.5211      7.900   174.1578   -30.2939     13.894   0.126582
   29.2415    -4.4684   160.4049   -62.4722      7.900   174.1444   -30.2715     13.897   0.126582
   29.2593    -4.4217   160.3822   -62.4234      7.900   174.1309   -30.2491     13.900   0.126582
   29.2771    -4.3749   160.3596   -62.3745      7.900   174.1174   -30.2266     13.904   0.126582
   29.2949    -4.3282   160.3371   -62.3256      7.900   174.1040   -30.2041     13.907   0.126582
   29.3127    -4.2814   160.3147   -62.2767      7.900   174.0906   -30.1817     13.910   0.126582
   29.3304    -4.2347   160.2924   -62.2278      7.900   174.0771   -30.1592     13.913   0.126582
   29.3482    -4.1879   160.2701   -62.1788      7.900   174.0638   -30.1367     13.916   0.126582
   29.3660    -4.1412   160.2479   -62.1299      7.900   174.0504   -30.1143     13.919   0.126582
   29.3838    -4.0944   160.2257   -62.0810      7.900   174.0370   -30.0918     13.922   0.126582
   29.4016    -4.0477   160.2037   -62.0321      7.900   174.0237   -30.0693     13.926   0.126582
   29.4194    -4.0010   160.1817   -61.9832      7.900   174.0103   -30.0468     13.929   0.126582
   29.4372    -3.9542   160.1597   -61.9343      7.900   173.9970   -30.0243     13.932   0.126582
   29.4549    -3.9075   160.1379   -61.8853      7.900   173.9837   -30.0018     13.935   0.126582
   29.4727    -3.8607   160.1161   -61.8364      7.900   173.9704   -29.9793     13.938   0.126582
   29.4905    -3.8140   160.0944   -61.7875      7.900   173.9571   -29.9568     13.941   0.126582
   29.5083    -3.7672   160.0728   -61.7385      7.900   173.9439   -29.9343     13.944   0.126582
   29.5260    -3.7205   160.0512   -61.6896      7.900   173.9306   -29.9118     13.947   0.126582
   29.5438    -3.6737   160.0297   -61.6406      7.900   173.9174   -29.8892     13.951   0.126582
   29.5616    -3.6270   160.0082   -61.5917      7.900   173.9042   -29.8667     13.954   0.126582
   29.5793    -3.5802   159.9869   -61.5427      7.900   173.8910   -29.8442     13.957   0.126582
   29.5971    -3.5335   159.9656   -61.4938      7.900   173.8778   -29.8216     13.960   0.126582
   29.6149    -3.4867   159.9443   -61.4448      7.900   173.8646   -29.7991     13.963   0.126582
   29.6326    -3.4400   159.9231   -61.3958      7.900   173.8515   -29.7766     13.966   0.126582
   29.6504    -3.3932   159.9020   -61.3469      7.900   173.8384   -29.7540     13.969   0.126582
   29.6681    -3.3465   159.8810   -61.2979      7.900   173.8252   -29.7315     13.972   0.126582
   29.6859    -3.2997   159.8600   -61.2489      7.900   173.8121   -29.7089     13.975   0.126582
   29.7037    -3.2529   159.8391   -61.2000      7.900   173.7990   -29.6863     13.978   0.126582
   29.7214    -3.2062   159.8183   -61.1510      7.900   173.7860   -29.6638     13.981   0.126582
   29.7392    -3.1594   159.7975   -61.1020      7.900   173.7729   -29.6412     13.985   0.126582
   29.7569    -3.1127   159.7768   -61.0530      7.900   173.7598   -29.6186     13.988   0.126582
   29.7747    -3.0659   159.7561   -61.0040      7.900   173.7468   -29.5960     13.991   0.126582
   29.7924    -3.0192   159.7356   -60.9550      7.900   173.7338   -29.5735     13.994   0.126582
   29.8101    -2.9724   159.7150   -60.9060      7.900   173.7208   -29.5509     13.997   0.126582
   29.8279    -2.9257   159.6946   -60.8570      7.900   173.7078   -29.5283     14.000   0.126582
   29.8456    -2.8789   159.6742   -60.8080      7.900   173.6948   -29.5057     14.003   0.126582
   29.8634    -2.8322   159.6538   -60.7590      7.900   173.6819   -29.4831     14.006   0.126582
   29.8811    -2.7854   159.6336   -60.7100      7.900   173.6689   -29.4605     14.009   0.126582
   29.8989    -2.7386   159.6134   -60.6610      7.900   173.6560   -29.4379     14.012   0.126582
   29.9166    -2.6919   159.5932   -60.6120      7.900   173.6431   -29.4153     14.015   0.126582
   29.9343    -2.6451   159.5731   -60.5630      7.900   173.6302   -29.3926     14.018   0.126582
   29.9521    -2.5984   159.5531   -60.5139      7.900   173.6173   -29.3700     14.021   0.126582
   29.9698    -2.5516   159.5331   -60.4649      7.900   173.6044   -29.3474     14.024   0.126582
   29.9875    -2.5049   159.5132   -60.4159      7.900   173.5916   -29.3248     14.027   0.126582
   30.0053    -2.4581   159.4934   -60.3669      7.900   173.5787   -29.3021     14.031   0.126582
   30.0230    -2.4114   159.4736   -60.3178      7.900   173.5659   -29.2795     14.034   0.126582
   30.0407    -2.3646   159.4539   -60.2688      7.900   173.5531   -29.2568     14.037   0.126582
   30.0584    -2.3178   159.4342   -60.2198      7.900   173.5403   -29.2342     14.040   0.126582
   30.0762    -2.2711   159.4146   -60.1707      7.900   173.5275   -29.2115     14.043   0.126582
   30.0939    -2.2243   159.3951   -60.1217      7.900   173.5148   -29.1889     14.046   0.126582
   30.1116    -2.1776   159.3756   -60.0726      7.900   173.5020   -29.1662     14.049   0.126582
   30.1293    -2.1308   159.3561   -60.0236      7.900   173.4893   -29.1436     14.052   0.126582
   30.1471    -2.0840   159.3368   -59.9745      7.900   173.4766   -29.1209     14.055   0.126582
   30.1648    -2.0373   159.3174   -59.9255      7.900   173.4638   -29.0982     14.058   0.126582
   30.1825    -1.9905   159.2982   -59.8764      7.900   173.4512   -29.0755     14.061   0.126582
   30.2002    -1.9438   159.2790   -59.8274      7.900   173.4385   -29.0529     14.064   0.126582
   28.3907    -6.5536   161.3935   -64.6794      7.900   174.7366   -31.2855     13.751   0.126582
   28.4086    -6.5069   161.3673   -64.6307      7.900   174.7225   -31.2633     13.754   0.126582
   28.4266    -6.4601   161.3412   -64.5820      7.900   174.7083   -31.2410     13.758   0.126582
   28.4445    -6.4134   161.3151   -64.5333      7.900   174.6941   -31.2188     13.761   0.126582
   28.4624    -6.3667   161.2892   -64.4845      7.900   174.6800   -31.1965     13.764   0.126582
   28.4803    -6.3200   161.2633   -64.4358      7.900   174.6659   -31.1742     13.767   0.126582
   28.4982    -6.2733   161.2375   -64.3870      7.900   174.6518   -31.1520     13.771   0.126582
   28.5161    -6.2265   161.2119   -64.3383      7.900   174.6377   -31.1297     13.774   0.126582
   28.5340    -6.1798   161.1863   -64.2895      7.900   174.6237   -31.1074     13.777   0.126582
   28.5519    -6.1331   161.1608   -64.2408      7.900   174.6096   -31.0851     13.780   0.126582
   28.5698    -6.0864   161.1354   -64.1920      7.900   174.5956   -31.0629     13.784   0.126582
   28.5877    -6.0396   161.1100   -64.1432      7.900   174.5816   -31.0406     13.787   0.126582
   28.6056    -5.9929   161.0848   -64.0945      7.900   174.5676   -31.0183     13.790   0.126582
   28.6235    -5.9462   161.0597   -64.0457      7.900   174.5536   -30.9960     13.793   0.126582
   28.6414    -5.8995   161.0346   -63.9969      7.900   174.5396   -30.9737     13.797   0.126582
   28.6593    -5.8527   161.0097   -63.9481      7.900   174.5257   -30.9513     13.800   0.126582
   28.6772    -5.8060   160.9848   -63.8993      7.900   174.5118   -30.9290     13.803   0.126582
   28.6951    -5.7593   160.9600   -63.8505      7.900   174.4978   -30.9067     13.806   0.126582
   28.7129    -5.7125   160.9353   -63.8018      7.900   174.4839   -30.8844     13.809   0.126582
   28.7308    -5.6658   160.9107   -63.7529      7.900   174.4700   -30.8621     13.813   0.126582
   28.7487    -5.6191   160.8861   -63.7041      7.900   174.4562   -30.8397     13.816   0.126582
   28.7665    -5.5723   160.8617   -63.6553      7.900   174.4423   -30.8174     13.819   0.126582
   28.7844    -5.5256   160.8373   -63.6065      7.900   174.4285   -30.7950     13.822   0.126582
   28.8023    -5.4789   160.8130   -63.5577      7.900   174.4147   -30.7727     13.825   0.126582
   28.8201    -5.4322   160.7888   -63.5089      7.900   174.4009   -30.7503     13.829   0.126582
   28.8380    -5.3854   160.7647   -63.4600      7.900   174.3871   -30.7280     13.832   0.126582
   28.8558    -5.3387   160.7407   -63.4112      7.900   174.3733   -30.7056     13.835   0.126582
   28.8737    -5.2920   160.7167   -63.3624      7.900   174.3595   -30.6832     13.838   0.126582
   28.8915    -5.2452   160.6928   -63.3135      7.900   174.3458   -30.6609     13.841   0.126582
   28.9094    -5.1985   160.6691   -63.2647      7.900   174.3321   -30.6385     13.845   0.126582
   28.9272    -5.1517   160.6453   -63.2159      7.900   174.3183   -30.6161     13.848   0.126582
   28.9451    -5.1050   160.6217   -63.1670      7.900   174.3046   -30.5937     13.851   0.126582
   28.9629    -5.0583   160.5982   -63.1181      7.900   174.2910   -30.5713     13.854   0.126582
   28.9807    -5.0115   160.5747   -63.0693      7.900   174.2773   -30.5489     13.857   0.126582
   28.9986    -4.9648   160.5513   -63.0204      7.900   174.2637   -30.5265     13.860   0.126582
   29.0164    -4.9181   160.5280   -62.9716      7.900   174.2500   -30.5041     13.864   0.126582
   29.0342    -4.8713   160.5047   -62.9227      7.900   174.2364   -30.4817     13.867   0.126582
   29.0521    -4.8246   160.4816   -62.8738      7.900   174.2228   -30.4593     13.870   0.126582
   29.0699    -4.7778   160.4585   -62.8249      7.900   174.2092   -30.4369     13.873   0.126582
   29.0877    -4.7311   160.4355   -62.7761      7.900   174.1956   -30.4144     13.876   0.126582
   29.1055    -4.6844   160.4126   -62.7272      7.900   174.1821   -30.3920     13.879   0.126582
   29.1233    -4.6376   160.3897   -62.6783      7.900   174.1685   -30.3696     13.883   0.126582
   29.1412    -4.5909   160.3669   -62.6294      7.900   174.1550   -30.3471     13.886   0.126582
   29.1590    -4.5441   160.3442   -62.5805      7.900   174.1415   -30.3247     13.889   0.126582
   29.1768    -4.4974   160.3216   -62.5316      7.900   174.1280   -30.3022     13.892   0.126582
   29.1946    -4.4507   160.2990   -62.4827      7.900   174.1145   -30.2798     13.895   0.126582
   29.2124    -4.4039   160.2766   -62.4338      7.900   174.1011   -30.2573     13.898   0.126582
   29.2302    -4.3572   160.2541   -62.3849      7.900   174.0876   -30.2349     13.901   0.126582
   29.2480    -4.3104   160.2318   -62.3360      7.900   174.0742   -30.2124     13.905   0.126582
   29.2658    -4.2637   160.2095   -62.2870      7.900   174.0608   -30.1899     13.908   0.126582
   29.2836    -4.2169   160.1874   -62.2381      7.900   174.0474   -30.1675     13.911   0.126582
   29.3014    -4.1702   160.1652   -62.1892      7.900   174.0340   -30.1450     13.914   0.126582
   29.3192    -4.1234   160.1432   -62.1403      7.900   174.0206   -30.1225     13.917   0.126582
   29.3370    -4.0767   160.1212   -62.0913      7.900   174.0073   -30.1000     13.920   0.126582
   29.3547    -4.0300   160.0993   -62.0424      7.900   173.9939   -30.0775     13.923   0.126582
   29.3725    -3.9832   160.0775   -61.9935      7.900   173.9806   -30.0550     13.927   0.126582
   29.3903    -3.9365   160.0557   -61.9445      7.900   173.9673   -30.0325     13.930   0.126582
   29.4081    -3.8897   160.0340   -61.8956      7.900   173.9540   -30.0100     13.933   0.126582
   29.4259    -3.8430   160.0124   -61.8466      7.900   173.9407   -29.9875     13.936   0.126582
   29.4436    -3.7962   159.9908   -61.7977      7.900   173.9275   -29.9650     13.939   0.126582
   29.4614    -3.7495   159.9694   -61.7487      7.900   173.9142   -29.9424     13.942   0.126582
   29.4792    -3.7027   159.9479   -61.6997      7.900   173.9010   -29.9199     13.945   0.126582
   29.4970    -3.6560   159.9266   -61.6508      7.900   173.8878   -29.8974     13.948   0.126582
   29.5147    -3.6092   159.9053   -61.6018      7.900   173.8746   -29.8748     13.952   0.126582
   29.5325    -3.5625   159.8841   -61.5528      7.900   173.8614   -29.8523     13.955   0.126582
   29.5503    -3.5157   159.8629   -61.5039      7.900   173.8482   -29.8298     13.958   0.126582
   29.5680    -3.4690   159.8419   -61.4549      7.900   173.8351   -29.8072     13.961   0.126582
   29.5858    -3.4222   159.8208   -61.4059      7.900   173.8219   -29.7847     13.964   0.126582
   29.6036    -3.3755   159.7999   -61.3569      7.900   173.8088   -29.7621     13.967   0.126582
   29.6213    -3.3287   159.7790   -61.3080      7.900   173.7957   -29.7395     13.970   0.126582
   29.6391    -3.2820   159.7582   -61.2590      7.900   173.7826   -29.7170     13.973   0.126582
   29.6568    -3.2352   159.7374   -61.2100      7.900   173.7695   -29.6944     13.976   0.126582
   29.6746    -3.1885   159.7167   -61.1610      7.900   173.7564   -29.6718     13.979   0.126582
   29.6923    -3.1417   159.6961   -61.1120      7.900   173.7434   -29.6493     13.982   0.126582
   29.7101    -3.0950   159.6755   -61.0630      7.900   173.7303   -29.6267     13.986   0.126582
   29.7278    -3.0482   159.6550   -61.0140      7.900   173.7173   -29.6041     13.989   0.126582
   29.7456    -3.0015   159.6346   -60.9650      7.900   173.7043   -29.5815     13.992   0.126582
   29.7633    -2.9547   159.6142   -60.9160      7.900   173.6913   -29.5589     13.995   0.126582
   29.7811    -2.9079   159.5939   -60.8669      7.900   173.6783   -29.5363     13.998   0.126582
   29.7988    -2.8612   159.5737   -60.8179      7.900   173.6654   -29.5137     14.001   0.126582
   29.8166    -2.8144   159.5535   -60.7689      7.900   173.6524   -29.4911     14.004   0.126582
   29.8343    -2.7677   159.5334   -60.7199      7.900   173.6395   -29.4685     14.007   0.126582
   29.8520    -2.7209   159.5133   -60.6709      7.900   173.6266   -29.4459     14.010   0.126582
   29.8698    -2.6742   159.4933   -60.6218      7.900   173.6137   -29.4232     14.013   0.126582
   29.8875    -2.6274   159.4734   -60.5728      7.900   173.6008   -29.4006     14.016   0.126582
   29.9053    -2.5807   159.4535   -60.5238      7.900   173.5879   -29.3780     14.019   0.126582
   29.9230    -2.5339   159.4337   -60.4747      7.900   173.5750   -29.3553     14.022   0.126582
   29.9407    -2.4872   159.4139   -60.4257      7.900   173.5622   -29.3327     14.025   0.126582
   29.9585    -2.4404   159.3942   -60.3766      7.900   173.5494   -29.3101     14.028   0.126582
   29.9762    -2.3936   159.3746   -60.3276      7.900   173.5366   -29.2874     14.031   0.126582
   29.9939    -2.3469   159.3550   -60.2785      7.900   173.5238   -29.2648     14.035   0.126582
   30.0116    -2.3001   159.3354   -60.2295      7.900   173.5110   -29.2421     14.038   0.126582
   30.0294    -2.2534   159.3160   -60.1804      7.900   173.4982   -29.2194     14.041   0.126582
   30.0471    -2.2066   159.2966   -60.1314      7.900   173.4854   -29.1968     14.044   0.126582
   30.0648    -2.1599   159.2772   -60.0823      7.900   173.4727   -29.1741     14.047   0.126582
   30.0825    -2.1131   159.2579   -60.0332      7.900   173.4600   -29.1514     14.050   0.126582
   30.1003    -2.0663   159.2387   -59.9842      7.900   173.4473   -29.1288     14.053   0.126582
   30.1180    -2.0196   159.2195   -59.9351      7.900   173.4346   -29.1061     14.056   0.126582
   30.1357    -1.9728   159.2004   -59.8860      7.900   173.4219   -29.0834     14.059   0.126582
   30.1534    -1.9261   159.1813   -59.8370      7.900   173.4092   -29.0607     14.062   0.126582
   28.3437    -6.5358   161.2796   -64.6906      7.900   174.7063   -31.2942     13.749   0.126582
   28.3616    -6.4890   161.2535   -64.6419      7.900   174.6922   -31.2719     13.752   0.126582
   28.3795    -6.4423   161.2276   -64.5932      7.900   174.6780   -31.2497     13.756   0.126582
   28.3975    -6.3956   161.2017   -64.5444      7.900   174.6639   -31.2274     13.759   0.126582
   28.4154    -6.3489   161.1760   -64.4956      7.900   174.6498   -31.2051     13.762   0.126582
   28.4333    -6.3022   161.1503   -64.4469      7.900   174.6357   -31.1829     13.765   0.126582
   28.4512    -6.2554   161.1247   -64.3981      7.900   174.6216   -31.1606     13.769   0.126582
   28.4691    -6.2087   161.0992   -64.3493      7.900   174.6075   -31.1383     13.772   0.126582
   28.4870    -6.1620   161.0738   -64.3006      7.900   174.5935   -31.1160     13.775   0.126582
   28.5049    -6.1153   161.0485   -64.2518      7.900   174.5794   -31.0937     13.778   0.126582
   28.5229    -6.0686   161.0233   -64.2030      7.900   174.5654   -31.0714     13.781   0.126582
   28.5408    -6.0218   160.9982   -64.1542      7.900   174.5514   -31.0491     13.785   0.126582
   28.5587    -5.9751   160.9731   -64.1054      7.900   174.5374   -31.0268     13.788   0.126582
   28.5765    -5.9284   160.9482   -64.0566      7.900   174.5234   -31.0045     13.791   0.126582
   28.5944    -5.8817   160.9233   -64.0078      7.900   174.5095   -30.9822     13.794   0.126582
   28.6123    -5.8349   160.8985   -63.9590      7.900   174.4955   -30.9599     13.798   0.126582
   28.6302    -5.7882   160.8738   -63.9102      7.900   174.4816   -30.9375     13.801   0.126582
   28.6481    -5.7415   160.8492   -63.8614      7.900   174.4677   -30.9152     13.804   0.126582
   28.6660    -5.6948   160.8247   -63.8126      7.900   174.4538   -30.8929     13.807   0.126582
   28.6839    -5.6480   160.8003   -63.7638      7.900   174.4400   -30.8705     13.810   0.126582
   28.7017    -5.6013   160.7759   -63.7150      7.900   174.4261   -30.8482     13.814   0.126582
   28.7196    -5.5546   160.7516   -63.6661      7.900   174.4122   -30.8259     13.817   0.126582
   28.7375    -5.5078   160.7275   -63.6173      7.900   174.3984   -30.8035     13.820   0.126582
   28.7553    -5.4611   160.7033   -63.5685      7.900   174.3846   -30.7811     13.823   0.126582
   28.7732    -5.4144   160.6793   -63.5196      7.900   174.3708   -30.7588     13.826   0.126582
   28.7910    -5.3676   160.6554   -63.4708      7.900   174.3570   -30.7364     13.830   0.126582
   28.8089    -5.3209   160.6315   -63.4219      7.900   174.3433   -30.7140     13.833   0.126582
   28.8268    -5.2742   160.6077   -63.3731      7.900   174.3295   -30.6917     13.836   0.126582
   28.8446    -5.2274   160.5841   -63.3242      7.900   174.3158   -30.6693     13.839   0.126582
   28.8625    -5.1807   160.5604   -63.2753      7.900   174.3021   -30.6469     13.842   0.126582
   28.8803    -5.1340   160.5369   -63.2265      7.900   174.2884   -30.6245     13.846   0.126582
   28.8982    -5.0872   160.5134   -63.1776      7.900   174.2747   -30.6021     13.849   0.126582
   28.9160    -5.0405   160.4901   -63.1287      7.900   174.2610   -30.5797     13.852   0.126582
   28.9338    -4.9938   160.4668   -63.0799      7.900   174.2474   -30.5573     13.855   0.126582
   28.9517    -4.9470   160.4435   -63.0310      7.900   174.2337   -30.5349     13.858   0.126582
   28.9695    -4.9003   160.4204   -62.9821      7.900   174.2201   -30.5125     13.861   0.126582
   28.9873    -4.8536   160.3973   -62.9332      7.900   174.2065   -30.4900     13.865   0.126582
   29.0052    -4.8068   160.3743   -62.8843      7.900   174.1929   -30.4676     13.868   0.126582
   29.0230    -4.7601   160.3514   -62.8354      7.900   174.1793   -30.4452     13.871   0.126582
   29.0408    -4.7133   160.3286   -62.7865      7.900   174.1658   -30.4228     13.874   0.126582
   29.0586    -4.6666   160.3058   -62.7376      7.900   174.1522   -30.4003     13.877   0.126582
   29.0764    -4.6199   160.2831   -62.6887      7.900   174.1387   -30.3779     13.880   0.126582
   29.0943    -4.5731   160.2605   -62.6398      7.900   174.1252   -30.3554     13.884   0.126582
   29.1121    -4.5264   160.2380   -62.5909      7.900   174.1117   -30.3330     13.887   0.126582
   29.1299    -4.4796   160.2155   -62.5420      7.900   174.0982   -30.3105     13.890   0.126582
   29.1477    -4.4329   160.1931   -62.4931      7.900   174.0847   -30.2881     13.893   0.126582
   29.1655    -4.3862   160.1708   -62.4441      7.900   174.0713   -30.2656     13.896   0.126582
   29.1833    -4.3394   160.1486   -62.3952      7.900   174.0578   -30.2431     13.899   0.126582
   29.2011    -4.2927   160.1264   -62.3463      7.900   174.0444   -30.2206     13.903   0.126582
   29.2189    -4.2459   160.1043   -62.2973      7.900   174.0310   -30.1982     13.906   0.126582
   29.2367    -4.1992   160.0823   -62.2484      7.900   174.0176   -30.1757     13.909   0.126582
   29.2545    -4.1524   160.0603   -62.1995      7.900   174.0042   -30.1532     13.912   0.126582
   29.2723    -4.1057   160.0385   -62.1505      7.900   173.9909   -30.1307     13.915   0.126582
   29.2901    -4.0590   160.0166   -62.1016      7.900   173.9775   -30.1082     13.918   0.126582
   29.3079    -4.0122   159.9949   -62.0526      7.900   173.9642   -30.0857     13.921   0.126582
   29.3257    -3.9655   159.9732   -62.0037      7.900   173.9509   -30.0632     13.924   0.126582
   29.3435    -3.9187   159.9516   -61.9547      7.900   173.9376   -30.0407     13.928   0.126582
   29.3612    -3.8720   159.9301   -61.9057      7.900   173.9243   -30.0182     13.931   0.126582
   29.3790    -3.8252   159.9086   -61.8568      7.900   173.9110   -29.9956     13.934   0.126582
   29.3968    -3.7785   159.8872   -61.8078      7.900   173.8978   -29.9731     13.937   0.126582
   29.4146    -3.7317   159.8659   -61.7588      7.900   173.8846   -29.9506     13.940   0.126582
   29.4323    -3.6850   159.8446   -61.7098      7.900   173.8713   -29.9280     13.943   0.126582
   29.4501    -3.6382   159.8234   -61.6609      7.900   173.8581   -29.9055     13.946   0.126582
   29.4679    -3.5915   159.8023   -61.6119      7.900   173.8449   -29.8830     13.949   0.126582
   29.4857    -3.5447   159.7812   -61.5629      7.900   173.8318   -29.8604     13.952   0.126582
   29.5034    -3.4980   159.7602   -61.5139      7.900   173.8186   -29.8379     13.956   0.126582
   29.5212    -3.4512   159.7393   -61.4649      7.900   173.8054   -29.8153     13.959   0.126582
   29.5390    -3.4045   159.7185   -61.4159      7.900   173.7923   -29.7928     13.962   0.126582
   29.5567    -3.3577   159.6977   -61.3669      7.900   173.7792   -29.7702     13.965   0.126582
   29.5745    -3.3110   159.6769   -61.3179      7.900   173.7661   -29.7476     13.968   0.126582
   29.5922    -3.2642   159.6563   -61.2689      7.900   173.7530   -29.7250     13.971   0.126582
   29.6100    -3.2175   159.6357   -61.2199      7.900   173.7399   -29.7025     13.974   0.126582
   29.6278    -3.1707   159.6151   -61.1709      7.900   173.7269   -29.6799     13.977   0.126582
   29.6455    -3.1240   159.5946   -61.1219      7.900   173.7138   -29.6573     13.980   0.126582
   29.6633    -3.0772   159.5742   -61.0729      7.900   173.7008   -29.6347     13.983   0.126582
   29.6810    -3.0305   159.5539   -61.0239      7.900   173.6878   -29.6121     13.987   0.126582
   29.6988    -2.9837   159.5336   -60.9748      7.900   173.6748   -29.5895     13.990   0.126582
   29.7165    -2.9370   159.5134   -60.9258      7.900   173.6618   -29.5669     13.993   0.126582
   29.7343    -2.8902   159.4932   -60.8768      7.900   173.6489   -29.5443     13.996   0.126582
   29.7520    -2.8435   159.4731   -60.8277      7.900   173.6359   -29.5217     13.999   0.126582
   29.7698    -2.7967   159.4531   -60.7787      7.900   173.6230   -29.4991     14.002   0.126582
   29.7875    -2.7500   159.4331   -60.7297      7.900   173.6100   -29.4764     14.005   0.126582
   29.8052    -2.7032   159.4132   -60.6806      7.900   173.5971   -29.4538     14.008   0.126582
   29.8230    -2.6565   159.3933   -60.6316      7.900   173.5842   -29.4312     14.011   0.126582
   29.8407    -2.6097   159.3735   -60.5825      7.900   173.5714   -29.4086     14.014   0.126582
   29.8585    -2.5629   159.3538   -60.5335      7.900   173.5585   -29.3859     14.017   0.126582
   29.8762    -2.5162   159.3341   -60.4844      7.900   173.5456   -29.3633     14.020   0.126582
   29.8939    -2.4694   159.3145   -60.4354      7.900   173.5328   -29.3406     14.023   0.126582
   29.9117    -2.4227   159.2949   -60.3863      7.900   173.5200   -29.3180     14.026   0.126582
   29.9294    -2.3759   159.2754   -60.3373      7.900   173.5072   -29.2953     14.029   0.126582
   29.9471    -2.3292   159.2560   -60.2882      7.900   173.4944   -29.2727     14.032   0.126582
   29.9648    -2.2824   159.2366   -60.2391      7.900   173.4816   -29.2500     14.035   0.126582
   29.9826    -2.2357   159.2173   -60.1901      7.900   173.4689   -29.2273     14.039   0.126582
   30.0003    -2.1889   159.1980   -60.1410      7.900   173.4561   -29.2047     14.042   0.126582
   30.0180    -2.1421   159.1788   -60.0919      7.900   173.4434   -29.1820     14.045   0.126582
   30.0358    -2.0954   159.1597   -60.0428      7.900   173.4307   -29.1593     14.048   0.126582
   30.0535    -2.0486   159.1406   -59.9937      7.900   173.4180   -29.1366     14.051   0.126582
   30.0712    -2.0019   159.1215   -59.9447      7.900   173.4053   -29.1139     14.054   0.126582
   30.0889    -1.9551   159.1026   -59.8956      7.900   173.3926   -29.0912     14.057   0.126582
   30.1066    -1.9083   159.0836   -59.8465      7.900   173.3799   -29.0685     14.060   0.126582
   28.2966    -6.5179   161.1655   -64.7018      7.900   174.6760   -31.3028     13.747   0.126582
   28.3146    -6.4712   161.1397   -64.6530      7.900   174.6619   -31.2805     13.750   0.126582
   28.3325    -6.4245   161.1139   -64.6042      7.900   174.6477   -31.2583     13.753   0.126582
   28.3504    -6.3778   161.0883   -64.5554      7.900   174.6336   -31.2360     13.757   0.126582
   28.3684    -6.3311   161.0627   -64.5067      7.900   174.6195   -31.2137     13.760   0.126582
   28.3863    -6.2844   161.0372   -64.4579      7.900   174.6054   -31.1914     13.763   0.126582
   28.4042    -6.2376   161.0118   -64.4091      7.900   174.5913   -31.1692     13.766   0.126582
   28.4221    -6.1909   160.9865   -64.3603      7.900   174.5773   -31.1469     13.770   0.126582
   28.4401    -6.1442   160.9613   -64.3115      7.900   174.5632   -31.1246     13.773   0.126582
   28.4580    -6.0975   160.9362   -64.2627      7.900   174.5492   -31.1023     13.776   0.126582
   28.4759    -6.0508   160.9112   -64.2139      7.900   174.5352   -31.0800     13.779   0.126582
   28.4938    -6.0040   160.8862   -64.1651      7.900   174.5212   -31.0577     13.783   0.126582
   28.5117    -5.9573   160.8614   -64.1163      7.900   174.5072   -31.0354     13.786   0.126582
   28.5296    -5.9106   160.8366   -64.0675      7.900   174.4933   -31.0130     13.789   0.126582
   28.5475    -5.8639   160.8119   -64.0187      7.900   174.4793   -30.9907     13.792   0.126582
   28.5654    -5.8171   160.7873   -63.9699      7.900   174.4654   -30.9684     13.795   0.126582
   28.5832    -5.7704   160.7628   -63.9210      7.900   174.4515   -30.9460     13.799   0.126582
   28.6011    -5.7237   160.7384   -63.8722      7.900   174.4376   -30.9237     13.802   0.126582
   28.6190    -5.6770   160.7140   -63.8234      7.900   174.4237   -30.9014     13.805   0.126582
   28.6369    -5.6302   160.6898   -63.7745      7.900   174.4098   -30.8790     13.808   0.126582
   28.6548    -5.5835   160.6656   -63.7257      7.900   174.3960   -30.8567     13.812   0.126582
   28.6726    -5.5368   160.6415   -63.6768      7.900   174.3822   -30.8343     13.815   0.126582
   28.6905    -5.4901   160.6175   -63.6280      7.900   174.3683   -30.8119     13.818   0.126582
   28.7084    -5.4433   160.5936   -63.5791      7.900   174.3545   -30.7896     13.821   0.126582
   28.7263    -5.3966   160.5697   -63.5303      7.900   174.3408   -30.7672     13.824   0.126582
   28.7441    -5.3499   160.5460   -63.4814      7.900   174.3270   -30.7448     13.828   0.126582
   28.7620    -5.3031   160.5223   -63.4325      7.900   174.3132   -30.7224     13.831   0.126582
   28.7798    -5.2564   160.4987   -63.3837      7.900   174.2995   -30.7001     13.834   0.126582
   28.7977    -5.2097   160.4752   -63.3348      7.900   174.2858   -30.6777     13.837   0.126582
   28.8155    -5.1629   160.4517   -63.2859      7.900   174.2721   -30.6553     13.840   0.126582
   28.8334    -5.1162   160.4284   -63.2370      7.900   174.2584   -30.6329     13.843   0.126582
   28.8512    -5.0695   160.4051   -63.1881      7.900   174.2447   -30.6105     13.847   0.126582
   28.8691    -5.0227   160.3819   -63.1392      7.900   174.2310   -30.5881     13.850   0.126582
   28.8869    -4.9760   160.3588   -63.0904      7.900   174.2174   -30.5656     13.853   0.126582
   28.9048    -4.9293   160.3357   -63.0415      7.900   174.2038   -30.5432     13.856   0.126582
   28.9226    -4.8825   160.3127   -62.9926      7.900   174.1902   -30.5208     13.859   0.126582
   28.9404    -4.8358   160.2899   -62.9436      7.900   174.1766   -30.4984     13.863   0.126582
   28.9583    -4.7891   160.2670   -62.8947      7.900   174.1630   -30.4759     13.866   0.126582
   28.9761    -4.7423   160.2443   -62.8458      7.900   174.1494   -30.4535     13.869   0.126582
   28.9939    -4.6956   160.2216   -62.7969      7.900   174.1359   -30.4311     13.872   0.126582
   29.0117    -4.6488   160.1990   -62.7480      7.900   174.1223   -30.4086     13.875   0.126582
   29.0296    -4.6021   160.1765   -62.6991      7.900   174.1088   -30.3862     13.878   0.126582
   29.0474    -4.5554   160.1541   -62.6501      7.900   174.0953   -30.3637     13.881   0.126582
   29.0652    -4.5086   160.1317   -62.6012      7.900   174.0818   -30.3412     13.885   0.126582
   29.0830    -4.4619   160.1094   -62.5523      7.900   174.0683   -30.3188     13.888   0.126582
   29.1008    -4.4151   160.0872   -62.5033      7.900   174.0549   -30.2963     13.891   0.126582
   29.1186    -4.3684   160.0650   -62.4544      7.900   174.0415   -30.2738     13.894   0.126582
   29.1364    -4.3217   160.0430   -62.4055      7.900   174.0280   -30.2514     13.897   0.126582
   29.1542    -4.2749   160.0210   -62.3565      7.900   174.0146   -30.2289     13.900   0.126582
   29.1720    -4.2282   159.9990   -62.3076      7.900   174.0012   -30.2064     13.904   0.126582
   29.1898    -4.1814   159.9772   -62.2586      7.900   173.9878   -30.1839     13.907   0.126582
   29.2076    -4.1347   159.9554   -62.2096      7.900   173.9745   -30.1614     13.910   0.126582
   29.2254    -4.0880   159.9336   -62.1607      7.900   173.9611   -30.1389     13.913   0.126582
   29.2432    -4.0412   159.9120   -62.1117      7.900   173.9478   -30.1164     13.916   0.126582
   29.2610    -3.9945   159.8904   -62.0627      7.900   173.9345   -30.0939     13.919   0.126582
   29.2788    -3.9477   159.8689   -62.0138      7.900   173.9212   -30.0714     13.922   0.126582
   29.2966    -3.9010   159.8474   -61.9648      7.900   173.9079   -30.0488     13.925   0.126582
   29.3144    -3.8542   159.8261   -61.9158      7.900   173.8946   -30.0263     13.929   0.126582
   29.3322    -3.8075   159.8048   -61.8668      7.900   173.8813   -30.0038     13.932   0.126582
   29.3499    -3.7607   159.7835   -61.8178      7.900   173.8681   -29.9812     13.935   0.126582
   29.3677    -3.7140   159.7624   -61.7689      7.900   173.8549   -29.9587     13.938   0.126582
   29.3855    -3.6672   159.7413   -61.7199      7.900   173.8417   -29.9362     13.941   0.126582
   29.4033    -3.6205   159.7202   -61.6709      7.900   173.8285   -29.9136     13.944   0.126582
   29.4211    -3.5738   159.6992   -61.6219      7.900   173.8153   -29.8911     13.947   0.126582
   29.4388    -3.5270   159.6783   -61.5729      7.900   173.8021   -29.8685     13.950   0.126582
   29.4566    -3.4803   159.6575   -61.5239      7.900   173.7890   -29.8460     13.953   0.126582
   29.4744    -3.4335   159.6367   -61.4749      7.900   173.7758   -29.8234     13.957   0.126582
   29.4921    -3.3868   159.6160   -61.4259      7.900   173.7627   -29.8008     13.960   0.126582
   29.5099    -3.3400   159.5954   -61.3768      7.900   173.7496   -29.7782     13.963   0.126582
   29.5277    -3.2933   159.5748   -61.3278      7.900   173.7365   -29.7557     13.966   0.126582
   29.5454    -3.2465   159.5543   -61.2788      7.900   173.7234   -29.7331     13.969   0.126582
   29.5632    -3.1998   159.5338   -61.2298      7.900   173.7104   -29.7105     13.972   0.126582
   29.5809    -3.1530   159.5134   -61.1808      7.900   173.6973   -29.6879     13.975   0.126582
   29.5987    -3.1063   159.4931   -61.1317      7.900   173.6843   -29.6653     13.978   0.126582
   29.6164    -3.0595   159.4729   -61.0827      7.900   173.6713   -29.6427     13.981   0.126582
   29.6342    -3.0128   159.4527   -61.0337      7.900   173.6583   -29.6201     13.984   0.126582
   29.6520    -2.9660   159.4325   -60.9846      7.900   173.6453   -29.5975     13.987   0.126582
   29.6697    -2.9193   159.4124   -60.9356      7.900   173.6323   -29.5749     13.991   0.126582
   29.6875    -2.8725   159.3924   -60.8865      7.900   173.6194   -29.5523     13.994   0.126582
   29.7052    -2.8257   159.3725   -60.8375      7.900   173.6064   -29.5297     13.997   0.126582
   29.7229    -2.7790   159.3526   -60.7884      7.900   173.5935   -29.5070     14.000   0.126582
   29.7407    -2.7322   159.3328   -60.7394      7.900   173.5806   -29.4844     14.003   0.126582
   29.7584    -2.6855   159.3130   -60.6903      7.900   173.5677   -29.4618     14.006   0.126582
   29.7762    -2.6387   159.2933   -60.6413      7.900   173.5548   -29.4391     14.009   0.126582
   29.7939    -2.5920   159.2736   -60.5922      7.900   173.5419   -29.4165     14.012   0.126582
   29.8117    -2.5452   159.2540   -60.5431      7.900   173.5291   -29.3938     14.015   0.126582
   29.8294    -2.4985   159.2345   -60.4941      7.900   173.5162   -29.3712     14.018   0.126582
   29.8471    -2.4517   159.2150   -60.4450      7.900   173.5034   -29.3485     14.021   0.126582
   29.8649    -2.4050   159.1956   -60.3959      7.900   173.4906   -29.3259     14.024   0.126582
   29.8826    -2.3582   159.1763   -60.3469      7.900   173.4778   -29.3032     14.027   0.126582
   29.9003    -2.3114   159.1570   -60.2978      7.900   173.4650   -29.2805     14.030   0.126582
   29.9181    -2.2647   159.1377   -60.2487      7.900   173.4523   -29.2579     14.033   0.126582
   29.9358    -2.2179   159.1186   -60.1996      7.900   173.4395   -29.2352     14.036   0.126582
   29.9535    -2.1712   159.0994   -60.1505      7.900   173.4268   -29.2125     14.039   0.126582
   29.9712    -2.1244   159.0804   -60.1014      7.900   173.4140   -29.1898     14.042   0.126582
   29.9890    -2.0777   159.0614   -60.0523      7.900   173.4013   -29.1671     14.046   0.126582
   30.0067    -2.0309   159.0424   -60.0032      7.900   173.3886   -29.1444     14.049   0.126582
   30.0244    -1.9842   159.0235   -59.9541      7.900   173.3760   -29.1218     14.052   0.126582
   30.0421    -1.9374   159.0047   -59.9050      7.900   173.3633   -29.0991     14.055   0.126582
   30.0599    -1.8906   158.9859   -59.8559      7.900   173.3507   -29.0763     14.058   0.126582
   28.2496    -6.5001   161.0514   -64.7128      7.900   174.6457   -31.3114     13.745   0.126582
   28.2676    -6.4534   161.0257   -64.6640      7.900   174.6316   -31.2891     13.748   0.126582
   28.2855    -6.4067   161.0002   -64.6152      7.900   174.6174   -31.2669     13.751   0.126582
   28.3034    -6.3600   160.9747   -64.5664      7.900   174.6033   -31.2446     13.755   0.126582
   28.3214    -6.3133   160.9493   -64.5176      7.900   174.5892   -31.2223     13.758   0.126582
   28.3393    -6.2665   160.9240   -64.4688      7.900   174.5751   -31.2000     13.761   0.126582
   28.3572    -6.2198   160.8988   -64.4200      7.900   174.5611   -31.1777     13.764   0.126582
   28.3751    -6.1731   160.8737   -64.3712      7.900   174.5470   -31.1554     13.767   0.126582
   28.3931    -6.1264   160.8487   -64.3224      7.900   174.5330   -31.1331     13.771   0.126582
   28.4110    -6.0797   160.8238   -64.2736      7.900   174.5190   -31.1108     13.774   0.126582
   28.4289    -6.0329   160.7989   -64.2248      7.900   174.5050   -31.0885     13.777   0.126582
   28.4468    -5.9862   160.7742   -64.1759      7.900   174.4910   -31.0662     13.780   0.126582
   28.4647    -5.9395   160.7495   -64.1271      7.900   174.4770   -31.0439     13.784   0.126582
   28.4826    -5.8928   160.7249   -64.0783      7.900   174.4631   -31.0215     13.787   0.126582
   28.5005    -5.8461   160.7004   -64.0294      7.900   174.4492   -30.9992     13.790   0.126582
   28.5184    -5.7993   160.6760   -63.9806      7.900   174.4352   -30.9769     13.793   0.126582
   28.5363    -5.7526   160.6517   -63.9317      7.900   174.4213   -30.9545     13.797   0.126582
   28.5542    -5.7059   160.6274   -63.8829      7.900   174.4075   -30.9322     13.800   0.126582
   28.5721    -5.6592   160.6033   -63.8340      7.900   174.3936   -30.9098     13.803   0.126582
   28.5899    -5.6124   160.5792   -63.7852      7.900   174.3797   -30.8875     13.806   0.126582
   28.6078    -5.5657   160.5552   -63.7363      7.900   174.3659   -30.8651     13.809   0.126582
   28.6257    -5.5190   160.5313   -63.6875      7.900   174.3521   -30.8427     13.813   0.126582
   28.6436    -5.4723   160.5075   -63.6386      7.900   174.3383   -30.8204     13.816   0.126582
   28.6614    -5.4255   160.4837   -63.5897      7.900   174.3245   -30.7980     13.819   0.126582
   28.6793    -5.3788   160.4601   -63.5408      7.900   174.3107   -30.7756     13.822   0.126582
   28.6972    -5.3321   160.4365   -63.4919      7.900   174.2969   -30.7532     13.825   0.126582
   28.7150    -5.2853   160.4130   -63.4431      7.900   174.2832   -30.7308     13.829   0.126582
   28.7329    -5.2386   160.3896   -63.3942      7.900   174.2695   -30.7084     13.832   0.126582
   28.7508    -5.1919   160.3662   -63.3453      7.900   174.2558   -30.6860     13.835   0.126582
   28.7686    -5.1452   160.3430   -63.2964      7.900   174.2421   -30.6636     13.838   0.126582
   28.7865    -5.0984   160.3198   -63.2475      7.900   174.2284   -30.6412     13.841   0.126582
   28.8043    -5.0517   160.2967   -63.1986      7.900   174.2147   -30.6188     13.845   0.126582
   28.8222    -5.0050   160.2736   -63.1497      7.900   174.2011   -30.5964     13.848   0.126582
   28.8400    -4.9582   160.2507   -63.1008      7.900   174.1874   -30.5740     13.851   0.126582
   28.8578    -4.9115   160.2278   -63.0518      7.900   174.1738   -30.5515     13.854   0.126582
   28.8757    -4.8648   160.2050   -63.0029      7.900   174.1602   -30.5291     13.857   0.126582
   28.8935    -4.8180   160.1823   -62.9540      7.900   174.1466   -30.5067     13.860   0.126582
   28.9114    -4.7713   160.1596   -62.9051      7.900   174.1331   -30.4842     13.864   0.126582
   28.9292    -4.7246   160.1371   -62.8561      7.900   174.1195   -30.4618     13.867   0.126582
   28.9470    -4.6778   160.1146   -62.8072      7.900   174.1060   -30.4393     13.870   0.126582
   28.9648    -4.6311   160.0922   -62.7583      7.900   174.0924   -30.4169     13.873   0.126582
   28.9827    -4.5843   160.0698   -62.7093      7.900   174.0789   -30.3944     13.876   0.126582
   29.0005    -4.5376   160.0475   -62.6604      7.900   174.0654   -30.3720     13.879   0.126582
   29.0183    -4.4909   160.0253   -62.6114      7.900   174.0520   -30.3495     13.883   0.126582
   29.0361    -4.4441   160.0032   -62.5625      7.900   174.0385   -30.3270     13.886   0.126582
   29.0539    -4.3974   159.9811   -62.5135      7.900   174.0250   -30.3045     13.889   0.126582
   29.0717    -4.3506   159.9592   -62.4646      7.900   174.0116   -30.2821     13.892   0.126582
   29.0896    -4.3039   159.9373   -62.4156      7.900   173.9982   -30.2596     13.895   0.126582
   29.1074    -4.2572   159.9154   -62.3667      7.900   173.9848   -30.2371     13.898   0.126582
   29.1252    -4.2104   159.8936   -62.3177      7.900   173.9714   -30.2146     13.901   0.126582
   29.1430    -4.1637   159.8719   -62.2687      7.900   173.9580   -30.1921     13.905   0.126582
   29.1608    -4.1169   159.8503   -62.2197      7.900   173.9447   -30.1696     13.908   0.126582
   29.1786    -4.0702   159.8288   -62.1708      7.900   173.9314   -30.1471     13.911   0.126582
   29.1964    -4.0235   159.8073   -62.1218      7.900   173.9180   -30.1245     13.914   0.126582
   29.2142    -3.9767   159.7858   -62.0728      7.900   173.9047   -30.1020     13.917   0.126582
   29.2320    -3.9300   159.7645   -62.0238      7.900   173.8914   -30.0795     13.920   0.126582
   29.2497    -3.8832   159.7432   -61.9748      7.900   173.8782   -30.0570     13.923   0.126582
   29.2675    -3.8365   159.7220   -61.9258      7.900   173.8649   -30.0344     13.926   0.126582
   29.2853    -3.7897   159.7008   -61.8768      7.900   173.8516   -30.0119     13.930   0.126582
   29.3031    -3.7430   159.6798   -61.8278      7.900   173.8384   -29.9894     13.933   0.126582
   29.3209    -3.6963   159.6588   -61.7788      7.900   173.8252   -29.9668     13.936   0.126582
   29.3387    -3.6495   159.6378   -61.7298      7.900   173.8120   -29.9443     13.939   0.126582
   29.3564    -3.6028   159.6169   -61.6808      7.900   173.7988   -29.9217     13.942   0.126582
   29.3742    -3.5560   159.5961   -61.6318      7.900   173.7856   -29.8992     13.945   0.126582
   29.3920    -3.5093   159.5754   -61.5828      7.900   173.7725   -29.8766     13.948   0.126582
   29.4098    -3.4625   159.5547   -61.5338      7.900   173.7593   -29.8540     13.951   0.126582
   29.4275    -3.4158   159.5341   -61.4847      7.900   173.7462   -29.8315     13.954   0.126582
   29.4453    -3.3690   159.5135   -61.4357      7.900   173.7331   -29.8089     13.958   0.126582
   29.4631    -3.3223   159.4930   -61.3867      7.900   173.7200   -29.7863     13.961   0.126582
   29.4808    -3.2755   159.4726   -61.3376      7.900   173.7069   -29.7637     13.964   0.126582
   29.4986    -3.2288   159.4522   -61.2886      7.900   173.6938   -29.7411     13.967   0.126582
   29.5164    -3.1820   159.4319   -61.2396      7.900   173.6808   -29.7185     13.970   0.126582
   29.5341    -3.1353   159.4117   -61.1905      7.900   173.6678   -29.6959     13.973   0.126582
   29.5519    -3.0885   159.3915   -61.1415      7.900   173.6547   -29.6733     13.976   0.126582
   29.5696    -3.0418   159.3714   -61.0924      7.900   173.6417   -29.6507     13.979   0.126582
   29.5874    -2.9950   159.3514   -61.0434      7.900   173.6287   -29.6281     13.982   0.126582
   29.6051    -2.9483   159.3314   -60.9943      7.900   173.6158   -29.6055     13.985   0.126582
   29.6229    -2.9015   159.3115   -60.9453      7.900   173.6028   -29.5829     13.988   0.126582
   29.6406    -2.8548   159.2916   -60.8962      7.900   173.5899   -29.5602     13.992   0.126582
   29.6584    -2.8080   159.2718   -60.8472      7.900   173.5769   -29.5376     13.995   0.126582
   29.6761    -2.7613   159.2521   -60.7981      7.900   173.5640   -29.5150     13.998   0.126582
   29.6939    -2.7145   159.2324   -60.7490      7.900   173.5511   -29.4923     14.001   0.126582
   29.7116    -2.6678   159.2128   -60.7000      7.900   173.5382   -29.4697     14.004   0.126582
   29.7294    -2.6210   159.1932   -60.6509      7.900   173.5253   -29.4471     14.007   0.126582
   29.7471    -2.5743   159.1737   -60.6018      7.900   173.5125   -29.4244     14.010   0.126582
   29.7649    -2.5275   159.1542   -60.5527      7.900   173.4996   -29.4017     14.013   0.126582
   29.7826    -2.4808   159.1349   -60.5036      7.900   173.4868   -29.3791     14.016   0.126582
   29.8003    -2.4340   159.1155   -60.4546      7.900   173.4740   -29.3564     14.019   0.126582
   29.8181    -2.3872   159.0963   -60.4055      7.900   173.4612   -29.3338     14.022   0.126582
   29.8358    -2.3405   159.0770   -60.3564      7.900   173.4484   -29.3111     14.025   0.126582
   29.8535    -2.2937   159.0579   -60.3073      7.900   173.4356   -29.2884     14.028   0.126582
   29.8713    -2.2470   159.0388   -60.2582      7.900   173.4229   -29.2657     14.031   0.126582
   29.8890    -2.2002   159.0198   -60.2091      7.900   173.4101   -29.2430     14.034   0.126582
   29.9067    -2.1535   159.0008   -60.1600      7.900   173.3974   -29.2204     14.037   0.126582
   29.9245    -2.1067   158.9819   -60.1109      7.900   173.3847   -29.1977     14.040   0.126582
   29.9422    -2.0600   158.9630   -60.0618      7.900   173.3720   -29.1750     14.043   0.126582
   29.9599    -2.0132   158.9442   -60.0127      7.900   173.3593   -29.1523     14.046   0.126582
   29.9776    -1.9664   158.9254   -59.9636      7.900   173.3467   -29.1296     14.049   0.126582
   29.9954    -1.9197   158.9067   -59.9144      7.900   173.3340   -29.1069     14.052   0.126582
   30.0131    -1.8729   158.8881   -59.8653      7.900   173.3214   -29.0841     14.056   0.126582
   28.2026    -6.4823   160.9371   -64.7237      7.900   174.6154   -31.3200     13.743   0.126582
   28.2206    -6.4356   160.9117   -64.6749      7.900   174.6012   -31.2977     13.746   0.126582
   28.2385    -6.3889   160.8863   -64.6261      7.900   174.5871   -31.2755     13.749   0.126582
   28.2564    -6.3422   160.8610   -64.5773      7.900   174.5730   -31.2532     13.752   0.126582
   28.2744    -6.2954   160.8358   -64.5285      7.900   174.5589   -31.2309     13.756   0.126582
   28.2923    -6.2487   160.8107   -64.4797      7.900   174.5449   -31.2086     13.759   0.126582
   28.3102    -6.2020   160.7857   -64.4308      7.900   174.5308   -31.1863     13.762   0.126582
   28.3282    -6.1553   160.7608   -64.3820      7.900   174.5168   -31.1640     13.765   0.126582
   28.3461    -6.1086   160.7360   -64.3332      7.900   174.5028   -31.1417     13.769   0.126582
   28.3640    -6.0619   160.7113   -64.2843      7.900   174.4888   -31.1193     13.772   0.126582
   28.3819    -6.0151   160.6866   -64.2355      7.900   174.4748   -31.0970     13.775   0.126582
   28.3998    -5.9684   160.6620   -64.1866      7.900   174.4608   -31.0747     13.778   0.126582
   28.4177    -5.9217   160.6376   -64.1378      7.900   174.4468   -31.0524     13.781   0.126582
   28.4356    -5.8750   160.6132   -64.0889      7.900   174.4329   -31.0300     13.785   0.126582
   28.4535    -5.8283   160.5889   -64.0401      7.900   174.4190   -31.0077     13.788   0.126582
   28.4714    -5.7815   160.5646   -63.9912      7.900   174.4051   -30.9853     13.791   0.126582
   28.4893    -5.7348   160.5405   -63.9424      7.900   174.3912   -30.9630     13.794   0.126582
   28.5072    -5.6881   160.5164   -63.8935      7.900   174.3773   -30.9406     13.798   0.126582
   28.5251    -5.6414   160.4925   -63.8446      7.900   174.3634   -30.9183     13.801   0.126582
   28.5430    -5.5946   160.4686   -63.7958      7.900   174.3496   -30.8959     13.804   0.126582
   28.5609    -5.5479   160.4448   -63.7469      7.900   174.3358   -30.8735     13.807   0.126582
   28.5788    -5.5012   160.4210   -63.6980      7.900   174.3220   -30.8512     13.810   0.126582
   28.5966    -5.4545   160.3974   -63.6491      7.900   174.3082   -30.8288     13.814   0.126582
   28.6145    -5.4077   160.3738   -63.6002      7.900   174.2944   -30.8064     13.817   0.126582
   28.6324    -5.3610   160.3503   -63.5513      7.900   174.2806   -30.7840     13.820   0.126582
   28.6502    -5.3143   160.3269   -63.5024      7.900   174.2669   -30.7616     13.823   0.126582
   28.6681    -5.2676   160.3036   -63.4535      7.900   174.2531   -30.7392     13.826   0.126582
   28.6860    -5.2208   160.2804   -63.4046      7.900   174.2394   -30.7168     13.830   0.126582
   28.7038    -5.1741   160.2572   -63.3557      7.900   174.2257   -30.6944     13.833   0.126582
   28.7217    -5.1274   160.2341   -63.3068      7.900   174.2120   -30.6720     13.836   0.126582
   28.7396    -5.0806   160.2111   -63.2579      7.900   174.1984   -30.6496     13.839   0.126582
   28.7574    -5.0339   160.1882   -63.2089      7.900   174.1847   -30.6271     13.842   0.126582
   28.7753    -4.9872   160.1653   -63.1600      7.900   174.1711   -30.6047     13.846   0.126582
   28.7931    -4.9404   160.1425   -63.1111      7.900   174.1575   -30.5823     13.849   0.126582
   28.8109    -4.8937   160.1198   -63.0622      7.900   174.1438   -30.5599     13.852   0.126582
   28.8288    -4.8470   160.0972   -63.0132      7.900   174.1303   -30.5374     13.855   0.126582
   28.8466    -4.8002   160.0747   -62.9643      7.900   174.1167   -30.5150     13.858   0.126582
   28.8645    -4.7535   160.0522   -62.9153      7.900   174.1031   -30.4925     13.861   0.126582
   28.8823    -4.7068   160.0298   -62.8664      7.900   174.0896   -30.4701     13.865   0.126582
   28.9001    -4.6600   160.0075   -62.8174      7.900   174.0760   -30.4476     13.868   0.126582
   28.9180    -4.6133   159.9852   -62.7685      7.900   174.0625   -30.4251     13.871   0.126582
   28.9358    -4.5666   159.9630   -62.7195      7.900   174.0490   -30.4027     13.874   0.126582
   28.9536    -4.5198   159.9409   -62.6706      7.900   174.0356   -30.3802     13.877   0.126582
   28.9714    -4.4731   159.9189   -62.6216      7.900   174.0221   -30.3577     13.880   0.126582
   28.9892    -4.4264   159.8969   -62.5726      7.900   174.0086   -30.3352     13.884   0.126582
   29.0071    -4.3796   159.8750   -62.5237      7.900   173.9952   -30.3128     13.887   0.126582
   29.0249    -4.3329   159.8532   -62.4747      7.900   173.9818   -30.2903     13.890   0.126582
   29.0427    -4.2862   159.8315   -62.4257      7.900   173.9684   -30.2678     13.893   0.126582
   29.0605    -4.2394   159.8098   -62.3767      7.900   173.9550   -30.2453     13.896   0.126582
   29.0783    -4.1927   159.7882   -62.3277      7.900   173.9416   -30.2228     13.899   0.126582
   29.0961    -4.1459   159.7667   -62.2788      7.900   173.9282   -30.2003     13.902   0.126582
   29.1139    -4.0992   159.7452   -62.2298      7.900   173.9149   -30.1777     13.906   0.126582
   29.1317    -4.0525   159.7238   -62.1808      7.900   173.9016   -30.1552     13.909   0.126582
   29.1495    -4.0057   159.7025   -62.1318      7.900   173.8883   -30.1327     13.912   0.126582
   29.1673    -3.9590   159.6812   -62.0828      7.900   173.8750   -30.1102     13.915   0.126582
   29.1851    -3.9122   159.6600   -62.0338      7.900   173.8617   -30.0876     13.918   0.126582
   29.2029    -3.8655   159.6389   -61.9848      7.900   173.8484   -30.0651     13.921   0.126582
   29.2207    -3.8187   159.6179   -61.9358      7.900   173.8352   -30.0426     13.924   0.126582
   29.2385    -3.7720   159.5969   -61.8867      7.900   173.8219   -30.0200     13.927   0.126582
   29.2563    -3.7253   159.5759   -61.8377      7.900   173.8087   -29.9975     13.931   0.126582
   29.2740    -3.6785   159.5551   -61.7887      7.900   173.7955   -29.9749     13.934   0.126582
   29.2918    -3.6318   159.5343   -61.7397      7.900   173.7823   -29.9524     13.937   0.126582
   29.3096    -3.5850   159.5136   -61.6907      7.900   173.7691   -29.9298     13.940   0.126582
   29.3274    -3.5383   159.4929   -61.6416      7.900   173.7560   -29.9072     13.943   0.126582
   29.3452    -3.4915   159.4723   -61.5926      7.900   173.7428   -29.8846     13.946   0.126582
   29.3629    -3.4448   159.4518   -61.5436      7.900   173.7297   -29.8621     13.949   0.126582
   29.3807    -3.3980   159.4313   -61.4945      7.900   173.7166   -29.8395     13.952   0.126582
   29.3985    -3.3513   159.4109   -61.4455      7.900   173.7035   -29.8169     13.955   0.126582
   29.4162    -3.3045   159.3906   -61.3964      7.900   173.6904   -29.7943     13.959   0.126582
   29.4340    -3.2578   159.3703   -61.3474      7.900   173.6773   -29.7717     13.962   0.126582
   29.4518    -3.2110   159.3501   -61.2983      7.900   173.6643   -29.7491     13.965   0.126582
   29.4695    -3.1643   159.3300   -61.2493      7.900   173.6512   -29.7265     13.968   0.126582
   29.4873    -3.1175   159.3099   -61.2002      7.900   173.6382   -29.7039     13.971   0.126582
   29.5051    -3.0708   159.2899   -61.1512      7.900   173.6252   -29.6813     13.974   0.126582
   29.5228    -3.0240   159.2699   -61.1021      7.900   173.6122   -29.6587     13.977   0.126582
   29.5406    -2.9773   159.2500   -61.0530      7.900   173.5992   -29.6361     13.980   0.126582
   29.5583    -2.9305   159.2302   -61.0040      7.900   173.5862   -29.6134     13.983   0.126582
   29.5761    -2.8838   159.2104   -60.9549      7.900   173.5733   -29.5908     13.986   0.126582
   29.5938    -2.8370   159.1907   -60.9058      7.900   173.5603   -29.5682     13.989   0.126582
   29.6116    -2.7903   159.1711   -60.8567      7.900   173.5474   -29.5455     13.992   0.126582
   29.6293    -2.7435   159.1515   -60.8077      7.900   173.5345   -29.5229     13.996   0.126582
   29.6471    -2.6968   159.1319   -60.7586      7.900   173.5216   -29.5003     13.999   0.126582
   29.6648    -2.6500   159.1124   -60.7095      7.900   173.5087   -29.4776     14.002   0.126582
   29.6826    -2.6033   159.0930   -60.6604      7.900   173.4959   -29.4550     14.005   0.126582
   29.7003    -2.5565   159.0737   -60.6113      7.900   173.4830   -29.4323     14.008   0.126582
   29.7181    -2.5098   159.0544   -60.5622      7.900   173.4702   -29.4096     14.011   0.126582
   29.7358    -2.4630   159.0351   -60.5131      7.900   173.4574   -29.3870     14.014   0.126582
   29.7535    -2.4163   159.0160   -60.4640      7.900   173.4446   -29.3643     14.017   0.126582
   29.7713    -2.3695   158.9968   -60.4149      7.900   173.4318   -29.3416     14.020   0.126582
   29.7890    -2.3228   158.9778   -60.3658      7.900   173.4190   -29.3189     14.023   0.126582
   29.8067    -2.2760   158.9588   -60.3167      7.900   173.4062   -29.2963     14.026   0.126582
   29.8245    -2.2293   158.9398   -60.2676      7.900   173.3935   -29.2736     14.029   0.126582
   29.8422    -2.1825   158.9209   -60.2185      7.900   173.3808   -29.2509     14.032   0.126582
   29.8599    -2.1357   158.9021   -60.1694      7.900   173.3681   -29.2282     14.035   0.126582
   29.8777    -2.0890   158.8833   -60.1203      7.900   173.3554   -29.2055     14.038   0.126582
   29.8954    -2.0422   158.8646   -60.0711      7.900   173.3427   -29.1828     14.041   0.126582
   29.9131    -1.9955   158.8459   -60.0220      7.900   173.3300   -29.1601     14.044   0.126582
   29.9308    -1.9487   158.8273   -59.9729      7.900   173.3173   -29.1374     14.047   0.126582
   29.9486    -1.9020   158.8087   -59.9238      7.900   173.3047   -29.1146     14.050   0.126582
   29.9663    -1.8552   158.7902   -59.8746      7.900   173.2921   -29.0919     14.053   0.126582
