#   RA_deg    DEC_deg      l_deg      b_deg   Rhel_kpc    phi_deg  theta_deg   Rgal_kpc parallax_mas
   70.5431   -51.3977   258.7967   -40.7829     -1.000    -1.0000    -1.0000     -1.000  -1.000000
   70.6230   -51.3935   258.7836   -40.7339     -1.000    -1.0000    -1.0000     -1.000  -1.000000
   70.7028   -51.3892   258.7706   -40.6849     -1.000    -1.0000    -1.0000     -1.000  -1.000000
   70.7826   -51.3848   258.7575   -40.6359     -1.000    -1.0000    -1.0000     -1.000  -1.000000
   70.8624   -51.3804   258.7444   -40.5869     -1.000    -1.0000    -1.0000     -1.000  -1.000000
   70.9422   -51.3760   258.7314   -40.5379     -1.000    -1.0000    -1.0000     -1.000  -1.000000
   71.0220   -51.3715   258.7184   -40.4888     -1.000    -1.0000    -1.0000     -1.000  -1.000000
   71.1018   -51.3669   258.7054   -40.4398     -1.000    -1.0000    -1.0000     -1.000  -1.000000
   71.1815   -51.3623   258.6924   -40.3908     -1.000    -1.0000    -1.0000     -1.000  -1.000000
   71.2612   -51.3576   258.6795   -40.3418     -1.000    -1.0000    -1.0000     -1.000  -1.000000
   71.3409   -51.3529   258.6665   -40.2928     -1.000    -1.0000    -1.0000     -1.000  -1.000000
   71.4206   -51.3481   258.6536   -40.2438     -1.000    -1.0000    -1.0000     -1.000  -1.000000
   71.5003   -51.3433   258.6407   -40.1947     -1.000    -1.0000    -1.0000     -1.000  -1.000000
   71.5799   -51.3384   258.6278   -40.1457     -1.000    -1.0000    -1.0000     -1.000  -1.000000
   71.6596   -51.3334   258.6150   -40.0967     -1.000    -1.0000    -1.0000     -1.000  -1.000000
   71.7392   -51.3284   258.6021   -40.0477     -1.000    -1.0000    -1.0000     -1.000  -1.000000
   71.8188   -51.3234   258.5893   -39.9987     -1.000    -1.0000    -1.0000     -1.000  -1.000000
   71.8984   -51.3183   258.5765   -39.9496     -1.000    -1.0000    -1.0000     -1.000  -1.000000
   71.9780   -51.3131   258.5637   -39.9006     -1.000    -1.0000    -1.0000     -1.000  -1.000000
   72.0575   -51.3079   258.5509   -39.8516     -1.000    -1.0000    -1.0000     -1.000  -1.000000
   72.1371   -51.3026   258.5382   -39.8025     -1.000    -1.0000    -1.0000     -1.000  -1.000000
   72.2166   -51.2973   258.5255   -39.7535     -1.000    -1.0000    -1.0000     -1.000  -1.000000
   72.2961   -51.2919   258.5127   -39.7045     -1.000    -1.0000    -1.0000     -1.000  -1.000000
   72.3755   -51.2865   258.5000   -39.6554     -1.000    -1.0000    -1.0000     -1.000  -1.000000
   72.4550   -51.2810   258.4874   -39.6064     -1.000    -1.0000    -1.0000     -1.000  -1.000000
   72.5344   -51.2755   258.4747   -39.5574     -1.000    -1.0000    -1.0000     -1.000  -1.000000
   72.6139   -51.2699   258.4621   -39.5083     -1.000    -1.0000    -1.0000     -1.000  -1.000000
   72.6933   -51.2642   258.4494   -39.4593     -1.000    -1.0000    -1.0000     -1.000  -1.000000
   72.7726   -51.2585   258.4368   -39.4102     -1.000    -1.0000    -1.0000     -1.000  -1.000000
   72.8520   -51.2528   258.4242   -39.3612     -1.000    -1.0000    -1.0000     -1.000  -1.000000
   72.9313   -51.2470   258.4117   -39.3121     -1.000    -1.0000    -1.0000     -1.000  -1.000000
   73.0107   -51.2411   258.3991   -39.2631     -1.000    -1.0000    -1.0000     -1.000  -1.000000
   73.0900   -51.2352   258.3866   -39.2140     -1.000    -1.0000    -1.0000     -1.000  -1.000000
   73.1692   -51.2292   258.3740   -39.1650     -1.000    -1.0000    -1.0000     -1.000  -1.000000
   73.2485   -51.2232   258.3615   -39.1159     -1.000    -1.0000    -1.0000     -1.000  -1.000000
   73.3277   -51.2171   258.3491   -39.0669     -1.000    -1.0000    -1.0000     -1.000  -1.000000
   73.4070   -51.2110   258.3366   -39.0178     -1.000    -1.0000    -1.0000     -1.000  -1.000000
   73.4862   -51.2048   258.3241   -38.9688     -1.000    -1.0000    -1.0000     -1.000  -1.000000
   73.5653   -51.1986   258.3117   -38.9197     -1.000    -1.0000    -1.0000     -1.000  -1.000000
   73.6445   -51.1923   258.2993   -38.8707     -1.000    -1.0000    -1.0000     -1.000  -1.000000
   73.7236   -51.1859   258.2869   -38.8216     -1.000    -1.0000    -1.0000     -1.000  -1.000000
   73.8027   -51.1796   258.2745   -38.7726     -1.000    -1.0000    -1.0000     -1.000  -1.000000
   73.8818   -51.1731   258.2621   -38.7235     -1.000    -1.0000    -1.0000     -1.000  -1.000000
   73.9609   -51.1666   258.2498   -38.6744     -1.000    -1.0000    -1.0000     -1.000  -1.000000
   74.0399   -51.1600   258.2375   -38.6254     -1.000    -1.0000    -1.0000     -1.000  -1.000000
   74.1189   -51.1534   258.2252   -38.5763     -1.000    -1.0000    -1.0000     -1.000  -1.000000
   74.1979   -51.1468   258.2129   -38.5272     -1.000    -1.0000    -1.0000     -1.000  -1.000000
   74.2769   -51.1401   258.2006   -38.4782     -1.000    -1.0000    -1.0000     -1.000  -1.000000
   74.3559   -51.1333   258.1883   -38.4291     -1.000    -1.0000    -1.0000     -1.000  -1.000000
   74.4348   -51.1265   258.1761   -38.3800     -1.000    -1.0000    -1.0000     -1.000  -1.000000
   74.5137   -51.1196   258.1638   -38.3310     -1.000    -1.0000    -1.0000     -1.000  -1.000000
   74.5926   -51.1127   258.1516   -38.2819     -1.000    -1.0000    -1.0000     -1.000  -1.000000
   74.6714   -51.1057   258.1394   -38.2328     -1.000    -1.0000    -1.0000     -1.000  -1.000000
   74.7503   -51.0987   258.1272   -38.1837     -1.000    -1.0000    -1.0000     -1.000  -1.000000
   74.8291   -51.0916   258.1151   -38.1347     -1.000    -1.0000    -1.0000     -1.000  -1.000000
   74.9079   -51.0844   258.1029   -38.0856     -1.000    -1.0000    -1.0000     -1.000  -1.000000
   74.9866   -51.0772   258.0908   -38.0365     -1.000    -1.0000    -1.0000     -1.000  -1.000000
   75.0654   -51.0700   258.0787   -37.9874     -1.000    -1.0000    -1.0000     -1.000  -1.000000
   75.1441   -51.0627   258.0666   -37.9383     -1.000    -1.0000    -1.0000     -1.000  -1.000000
   75.2228   -51.0553   258.0545   -37.8893     -1.000    -1.0000    -1.0000     -1.000  -1.000000
   75.3014   -51.0479   258.0424   -37.8402     -1.000    -1.0000    -1.0000     -1.000  -1.000000
   75.3801   -51.0405   258.0304   -37.7911     -1.000    -1.0000    -1.0000     -1.000  -1.000000
   75.4587   -51.0330   258.0183   -37.7420     -1.000    -1.0000    -1.0000     -1.000  -1.000000
   75.5373   -51.0254   258.0063   -37.6929     -1.000    -1.0000    -1.0000     -1.000  -1.000000
   75.6158   -51.0178   257.9943   -37.6438     -1.000    -1.0000    -1.0000     -1.000  -1.000000
   75.6944   -51.0101   257.9823   -37.5947     -1.000    -1.0000    -1.0000     -1.000  -1.000000
   75.7729   -51.0024   257.9704   -37.5456     -1.000    -1.0000    -1.0000     -1.000  -1.000000
   75.8514   -50.9946   257.9584   -37.4965     -1.000    -1.0000    -1.0000     -1.000  -1.000000
   75.9298   -50.9868   257.9465   -37.4475     -1.000    -1.0000    -1.0000     -1.000  -1.000000
   76.0082   -50.9789   257.9345   -37.3984     -1.000    -1.0000    -1.0000     -1.000  -1.000000
   76.0867   -50.9710   257.9226   -37.3493     -1.000    -1.0000    -1.0000     -1.000  -1.000000
   76.1650   -50.9630   257.9107   -37.3002     -1.000    -1.0000    -1.0000     -1.000  -1.000000
   76.2434   -50.9550   257.8989   -37.2511     -1.000    -1.0000    -1.0000     -1.000  -1.000000
   76.3217   -50.9469   257.8870   -37.2020     -1.000    -1.0000    -1.0000     -1.000  -1.000000
   76.4000   -50.9388   257.8752   -37.1529     -1.000    -1.0000    -1.0000     -1.000  -1.000000
   76.4783   -50.9306   257.8633   -37.1038     -1.000    -1.0000    -1.0000     -1.000  -1.000000
   76.5565   -50.9223   257.8515   -37.0547     -1.000    -1.0000    -1.0000     -1.000  -1.000000
   76.6347   -50.9140   257.8397   -37.0056     -1.000    -1.0000    -1.0000     -1.000  -1.000000
   76.7129   -50.9057   257.8279   -36.9565     -1.000    -1.0000    -1.0000     -1.000  -1.000000
   76.7911   -50.8973   257.8161   -36.9073     -1.000    -1.0000    -1.0000     -1.000  -1.000000
   76.8692   -50.8888   257.8044   -36.8582     -1.000    -1.0000    -1.0000     -1.000  -1.000000
   76.9473   -50.8803   257.7927   -36.8091     -1.000    -1.0000    -1.0000     -1.000  -1.000000
   77.0253   -50.8718   257.7809   -36.7600     -1.000    -1.0000    -1.0000     -1.000  -1.000000
   77.1034   -50.8632   257.7692   -36.7109     -1.000    -1.0000    -1.0000     -1.000  -1.000000
   77.1814   -50.8545   257.7575   -36.6618     -1.000    -1.0000    -1.0000     -1.000  -1.000000
   77.2594   -50.8458   257.7458   -36.6127     -1.000    -1.0000    -1.0000     -1.000  -1.000000
   77.3373   -50.8370   257.7342   -36.5636     -1.000    -1.0000    -1.0000     -1.000  -1.000000
   77.4153   -50.8282   257.7225   -36.5144     -1.000    -1.0000    -1.0000     -1.000  -1.000000
   77.4932   -50.8193   257.7109   -36.4653     -1.000    -1.0000    -1.0000     -1.000  -1.000000
   77.5710   -50.8104   257.6993   -36.4162     -1.000    -1.0000    -1.0000     -1.000  -1.000000
   77.6489   -50.8014   257.6877   -36.3671     -1.000    -1.0000    -1.0000     -1.000  -1.000000
   77.7267   -50.7924   257.6761   -36.3180     -1.000    -1.0000    -1.0000     -1.000  -1.000000
   77.8044   -50.7833   257.6645   -36.2689     -1.000    -1.0000    -1.0000     -1.000  -1.000000
   77.8822   -50.7742   257.6529   -36.2197     -1.000    -1.0000    -1.0000     -1.000  -1.000000
   77.9599   -50.7650   257.6414   -36.1706     -1.000    -1.0000    -1.0000     -1.000  -1.000000
   78.0376   -50.7558   257.6298   -36.1215     -1.000    -1.0000    -1.0000     -1.000  -1.000000
   78.1152   -50.7465   257.6183   -36.0724     -1.000    -1.0000    -1.0000     -1.000  -1.000000
   78.1929   -50.7372   257.6068   -36.0232     -1.000    -1.0000    -1.0000     -1.000  -1.000000
   78.2705   -50.7278   257.5953   -35.9741     -1.000    -1.0000    -1.0000     -1.000  -1.000000
   78.3480   -50.7184   257.5839   -35.9250     -1.000    -1.0000    -1.0000     -1.000  -1.000000
   78.4255   -50.7089   257.5724   -35.8758     -1.000    -1.0000    -1.0000     -1.000  -1.000000
   78.5030   -50.6993   257.5609   -35.8267     -1.000    -1.0000    -1.0000     -1.000  -1.000000
   78.5805   -50.6897   257.5495   -35.7776     -1.000    -1.0000    -1.0000     -1.000  -1.000000
   78.6579   -50.6801   257.5381   -35.7284     -1.000    -1.0000    -1.0000     -1.000  -1.000000
   78.7353   -50.6704   257.5267   -35.6793     -1.000    -1.0000    -1.0000     -1.000  -1.000000
   78.8127   -50.6607   257.5153   -35.6302     -1.000    -1.0000    -1.0000     -1.000  -1.000000
   78.8901   -50.6509   257.5039   -35.5810     -1.000    -1.0000    -1.0000     -1.000  -1.000000
   78.9674   -50.6410   257.4926   -35.5319     -1.000    -1.0000    -1.0000     -1.000  -1.000000
   79.0446   -50.6311   257.4812   -35.4828     -1.000    -1.0000    -1.0000     -1.000  -1.000000
   79.1219   -50.6212   257.4699   -35.4336     -1.000    -1.0000    -1.0000     -1.000  -1.000000
   79.1991   -50.6112   257.4585   -35.3845     -1.000    -1.0000    -1.0000     -1.000  -1.000000
   79.2763   -50.6011   257.4472   -35.3353     -1.000    -1.0000    -1.0000     -1.000  -1.000000
   79.3534   -50.5910   257.4359   -35.2862     -1.000    -1.0000    -1.0000     -1.000  -1.000000
   79.4305   -50.5809   257.4247   -35.2370     -1.000    -1.0000    -1.0000     -1.000  -1.000000
   79.5076   -50.5706   257.4134   -35.1879     -1.000    -1.0000    -1.0000     -1.000  -1.000000
   79.5846   -50.5604   257.4021   -35.1388     -1.000    -1.0000    -1.0000     -1.000  -1.000000
   79.6616   -50.5501   257.3909   -35.0896     -1.000    -1.0000    -1.0000     -1.000  -1.000000
   79.7386   -50.5397   257.3797   -35.0405     -1.000    -1.0000    -1.0000     -1.000  -1.000000
   79.8156   -50.5293   257.3685   -34.9913     -1.000    -1.0000    -1.0000     -1.000  -1.000000
   79.8925   -50.5189   257.3573   -34.9422     -1.000    -1.0000    -1.0000     -1.000  -1.000000
   79.9693   -50.5084   257.3461   -34.8930     -1.000    -1.0000    -1.0000     -1.000  -1.000000
   80.0462   -50.4978   257.3349   -34.8439     -1.000    -1.0000    -1.0000     -1.000  -1.000000
   80.1230   -50.4872   257.3238   -34.7947     -1.000    -1.0000    -1.0000     -1.000  -1.000000
   80.1997   -50.4765   257.3126   -34.7455     -1.000    -1.0000    -1.0000     -1.000  -1.000000
   80.2765   -50.4658   257.3015   -34.6964     -1.000    -1.0000    -1.0000     -1.000  -1.000000
   80.3532   -50.4550   257.2904   -34.6472     -1.000    -1.0000    -1.0000     -1.000  -1.000000
   80.4298   -50.4442   257.2792   -34.5981     -1.000    -1.0000    -1.0000     -1.000  -1.000000
   80.5065   -50.4334   257.2682   -34.5489     -1.000    -1.0000    -1.0000     -1.000  -1.000000
   80.5831   -50.4225   257.2571   -34.4998     -1.000    -1.0000    -1.0000     -1.000  -1.000000
   80.6596   -50.4115   257.2460   -34.4506     -1.000    -1.0000    -1.0000     -1.000  -1.000000
   80.7362   -50.4005   257.2350   -34.4014     -1.000    -1.0000    -1.0000     -1.000  -1.000000
   80.8126   -50.3894   257.2239   -34.3523     -1.000    -1.0000    -1.0000     -1.000  -1.000000
   80.8891   -50.3783   257.2129   -34.3031     -1.000    -1.0000    -1.0000     -1.000  -1.000000
   80.9655   -50.3671   257.2019   -34.2539     -1.000    -1.0000    -1.0000     -1.000  -1.000000
   81.0419   -50.3559   257.1909   -34.2048     -1.000    -1.0000    -1.0000     -1.000  -1.000000
   81.1182   -50.3447   257.1799   -34.1556     -1.000    -1.0000    -1.0000     -1.000  -1.000000
   81.1945   -50.3334   257.1689   -34.1064     -1.000    -1.0000    -1.0000     -1.000  -1.000000
   81.2708   -50.3220   257.1579   -34.0573     -1.000    -1.0000    -1.0000     -1.000  -1.000000
   81.3471   -50.3106   257.1470   -34.0081     -1.000    -1.0000    -1.0000     -1.000  -1.000000
   81.4233   -50.2991   257.1360   -33.9589     -1.000    -1.0000    -1.0000     -1.000  -1.000000
   81.4994   -50.2876   257.1251   -33.9098     -1.000    -1.0000    -1.0000     -1.000  -1.000000
   81.5755   -50.2760   257.1142   -33.8606     -1.000    -1.0000    -1.0000     -1.000  -1.000000
   81.6516   -50.2644   257.1033   -33.8114     -1.000    -1.0000    -1.0000     -1.000  -1.000000
   81.7277   -50.2528   257.0924   -33.7622     -1.000    -1.0000    -1.0000     -1.000  -1.000000
   81.8037   -50.2410   257.0815   -33.7131     -1.000    -1.0000    -1.0000     -1.000  -1.000000
   81.8797   -50.2293   257.0707   -33.6639     -1.000    -1.0000    -1.0000     -1.000  -1.000000
   81.9556   -50.2175   257.0598   -33.6147     -1.000    -1.0000    -1.0000     -1.000  -1.000000
   82.0315   -50.2056   257.0490   -33.5655     -1.000    -1.0000    -1.0000     -1.000  -1.000000
   82.1074   -50.1937   257.0382   -33.5164     -1.000    -1.0000    -1.0000     -1.000  -1.000000
   82.1832   -50.1817   257.0274   -33.4672     -1.000    -1.0000    -1.0000     -1.000  -1.000000
   82.2590   -50.1697   257.0166   -33.4180     -1.000    -1.0000    -1.0000     -1.000  -1.000000
   82.3347   -50.1577   257.0058   -33.3688     -1.000    -1.0000    -1.0000     -1.000  -1.000000
   82.4104   -50.1456   256.9950   -33.3196     -1.000    -1.0000    -1.0000     -1.000  -1.000000
   82.4861   -50.1334   256.9842   -33.2705     -1.000    -1.0000    -1.0000     -1.000  -1.000000
   82.5617   -50.1212   256.9735   -33.2213     -1.000    -1.0000    -1.0000     -1.000  -1.000000
   82.6373   -50.1090   256.9627   -33.1721     -1.000    -1.0000    -1.0000     -1.000  -1.000000
   82.7129   -50.0967   256.9520   -33.1229     -1.000    -1.0000    -1.0000     -1.000  -1.000000
   82.7884   -50.0843   256.9413   -33.0737     -1.000    -1.0000    -1.0000     -1.000  -1.000000
   82.8639   -50.0719   256.9306   -33.0245     -1.000    -1.0000    -1.0000     -1.000  -1.000000
   82.9393   -50.0595   256.9199   -32.9753     -1.000    -1.0000    -1.0000     -1.000  -1.000000
   83.0147   -50.0470   256.9092   -32.9261     -1.000    -1.0000    -1.0000     -1.000  -1.000000
   83.0901   -50.0344   256.8985   -32.8769     -1.000    -1.0000    -1.0000     -1.000  -1.000000
   83.1654   -50.0218   256.8879   -32.8278     -1.000    -1.0000    -1.0000     -1.000  -1.000000
   83.2407   -50.0092   256.8772   -32.7786     -1.000    -1.0000    -1.0000     -1.000  -1.000000
   83.3159   -49.9965   256.8666   -32.7294     -1.000    -1.0000    -1.0000     -1.000  -1.000000
   83.3911   -49.9837   256.8560   -32.6802     -1.000    -1.0000    -1.0000     -1.000  -1.000000
   83.4663   -49.9709   256.8454   -32.6310     -1.000    -1.0000    -1.0000     -1.000  -1.000000
   83.5414   -49.9581   256.8348   -32.5818     -1.000    -1.0000    -1.0000     -1.000  -1.000000
   83.6165   -49.9452   256.8242   -32.5326     -1.000    -1.0000    -1.0000     -1.000  -1.000000
   83.6915   -49.9323   256.8136   -32.4834     -1.000    -1.0000    -1.0000     -1.000  -1.000000
   83.7665   -49.9193   256.8030   -32.4342     -1.000    -1.0000    -1.0000     -1.000  -1.000000
   83.8415   -49.9062   256.7925   -32.3850     -1.000    -1.0000    -1.0000     -1.000  -1.000000
   83.9164   -49.8932   256.7820   -32.3358     -1.000    -1.0000    -1.0000     -1.000  -1.000000
   83.9913   -49.8800   256.7714   -32.2866     -1.000    -1.0000    -1.0000     -1.000  -1.000000
   84.0661   -49.8669   256.7609   -32.2374     -1.000    -1.0000    -1.0000     -1.000  -1.000000
   84.1409   -49.8536   256.7504   -32.1882     -1.000    -1.0000    -1.0000     -1.000  -1.000000
   84.2157   -49.8404   256.7399   -32.1390     -1.000    -1.0000    -1.0000     -1.000  -1.000000
   84.2904   -49.8270   256.7294   -32.0898     -1.000    -1.0000    -1.0000     -1.000  -1.000000
   84.3651   -49.8137   256.7189   -32.0406     -1.000    -1.0000    -1.0000     -1.000  -1.000000
   84.4397   -49.8002   256.7085   -31.9914     -1.000    -1.0000    -1.0000     -1.000  -1.000000
   84.5143   -49.7868   256.6980   -31.9422     -1.000    -1.0000    -1.0000     -1.000  -1.000000
   84.5889   -49.7733   256.6876   -31.8929     -1.000    -1.0000    -1.0000     -1.000  -1.000000
   84.6634   -49.7597   256.6772   -31.8437     -1.000    -1.0000    -1.0000     -1.000  -1.000000
   84.7378   -49.7461   256.6668   -31.7945     -1.000    -1.0000    -1.0000     -1.000  -1.000000
   84.8123   -49.7324   256.6563   -31.7453     -1.000    -1.0000    -1.0000     -1.000  -1.000000
   84.8867   -49.7187   256.6460   -31.6961     -1.000    -1.0000    -1.0000     -1.000  -1.000000
   84.9610   -49.7050   256.6356   -31.6469     -1.000    -1.0000    -1.0000     -1.000  -1.000000
   85.0353   -49.6912   256.6252   -31.5977     -1.000    -1.0000    -1.0000     -1.000  -1.000000
   85.1095   -49.6773   256.6148   -31.5485     -1.000    -1.0000    -1.0000     -1.000  -1.000000
   85.1838   -49.6634   256.6045   -31.4992     -1.000    -1.0000    -1.0000     -1.000  -1.000000
   85.2579   -49.6495   256.5941   -31.4500     -1.000    -1.0000    -1.0000     -1.000  -1.000000
   85.3321   -49.6355   256.5838   -31.4008     -1.000    -1.0000    -1.0000     -1.000  -1.000000
   85.4062   -49.6215   256.5735   -31.3516     -1.000    -1.0000    -1.0000     -1.000  -1.000000
   85.4802   -49.6074   256.5632   -31.3024     -1.000    -1.0000    -1.0000     -1.000  -1.000000
   85.5542   -49.5932   256.5529   -31.2532     -1.000    -1.0000    -1.0000     -1.000  -1.000000
   85.6282   -49.5791   256.5426   -31.2039     -1.000    -1.0000    -1.0000     -1.000  -1.000000
   85.7021   -49.5648   256.5323   -31.1547     -1.000    -1.0000    -1.0000     -1.000  -1.000000
   85.7759   -49.5506   256.5221   -31.1055     -1.000    -1.0000    -1.0000     -1.000  -1.000000
   85.8498   -49.5362   256.5118   -31.0563     -1.000    -1.0000    -1.0000     -1.000  -1.000000
   85.9236   -49.5219   256.5016   -31.0070     -1.000    -1.0000    -1.0000     -1.000  -1.000000
   85.9973   -49.5075   256.4913   -30.9578     -1.000    -1.0000    -1.0000     -1.000  -1.000000
   86.0710   -49.4930   256.4811   -30.9086     -1.000    -1.0000    -1.0000     -1.000  -1.000000
   86.1447   -49.4785   256.4709   -30.8594     -1.000    -1.0000    -1.0000     -1.000  -1.000000
   86.2183   -49.4639   256.4607   -30.8101     -1.000    -1.0000    -1.0000     -1.000  -1.000000
   86.2918   -49.4493   256.4505   -30.7609     -1.000    -1.0000    -1.0000     -1.000  -1.000000
   86.3654   -49.4347   256.4403   -30.7117     -1.000    -1.0000    -1.0000     -1.000  -1.000000
   86.4388   -49.4200   256.4302   -30.6625     -1.000    -1.0000    -1.0000     -1.000  -1.000000
   86.5123   -49.4053   256.4200   -30.6132     -1.000    -1.0000    -1.0000     -1.000  -1.000000
   86.5857   -49.3905   256.4099   -30.5640     -1.000    -1.0000    -1.0000     -1.000  -1.000000
   86.6590   -49.3756   256.3997   -30.5148     -1.000    -1.0000    -1.0000     -1.000  -1.000000
   86.7323   -49.3608   256.3896   -30.4655     -1.000    -1.0000    -1.0000     -1.000  -1.000000
   86.8056   -49.3458   256.3795   -30.4163     -1.000    -1.0000    -1.0000     -1.000  -1.000000
   86.8788   -49.3309   256.3694   -30.3671     -1.000    -1.0000    -1.0000     -1.000  -1.000000
   86.9520   -49.3158   256.3593   -30.3178     -1.000    -1.0000    -1.0000     -1.000  -1.000000
   87.0251   -49.3008   256.3492   -30.2686     -1.000    -1.0000    -1.0000     -1.000  -1.000000
   87.0982   -49.2857   256.3391   -30.2194     -1.000    -1.0000    -1.0000     -1.000  -1.000000
   87.1712   -49.2705   256.3290   -30.1701     -1.000    -1.0000    -1.0000     -1.000  -1.000000
   87.2442   -49.2553   256.3190   -30.1209     -1.000    -1.0000    -1.0000     -1.000  -1.000000
   87.3171   -49.2401   256.3089   -30.0716     -1.000    -1.0000    -1.0000     -1.000  -1.000000
   87.3900   -49.2248   256.2989   -30.0224     -1.000    -1.0000    -1.0000     -1.000  -1.000000
   87.4629   -49.2094   256.2889   -29.9732     -1.000    -1.0000    -1.0000     -1.000  -1.000000
   87.5357   -49.1940   256.2788   -29.9239     -1.000    -1.0000    -1.0000     -1.000  -1.000000
   87.6085   -49.1786   256.2688   -29.8747     -1.000    -1.0000    -1.0000     -1.000  -1.000000
   87.6812   -49.1631   256.2588   -29.8254     -1.000    -1.0000    -1.0000     -1.000  -1.000000
   87.7538   -49.1476   256.2489   -29.7762     -1.000    -1.0000    -1.0000     -1.000  -1.000000
   87.8265   -49.1320   256.2389   -29.7270     -1.000    -1.0000    -1.0000     -1.000  -1.000000
   87.8991   -49.1164   256.2289   -29.6777     -1.000    -1.0000    -1.0000     -1.000  -1.000000
   87.9716   -49.1008   256.2190   -29.6285     -1.000    -1.0000    -1.0000     -1.000  -1.000000
   88.0441   -49.0850   256.2090   -29.5792     -1.000    -1.0000    -1.0000     -1.000  -1.000000
   88.1165   -49.0693   256.1991   -29.5300     -1.000    -1.0000    -1.0000     -1.000  -1.000000
   88.1889   -49.0535   256.1891   -29.4807     -1.000    -1.0000    -1.0000     -1.000  -1.000000
   88.2613   -49.0377   256.1792   -29.4315     -1.000    -1.0000    -1.0000     -1.000  -1.000000
   88.3336   -49.0218   256.1693   -29.3822     -1.000    -1.0000    -1.0000     -1.000  -1.000000
   88.4058   -49.0058   256.1594   -29.3330     -1.000    -1.0000    -1.0000     -1.000  -1.000000
   88.4781   -48.9899   256.1495   -29.2837     -1.000    -1.0000    -1.0000     -1.000  -1.000000
   88.5502   -48.9738   256.1396   -29.2345     -1.000    -1.0000    -1.0000     -1.000  -1.000000
   88.6224   -48.9578   256.1298   -29.1852     -1.000    -1.0000    -1.0000     -1.000  -1.000000
   88.6944   -48.9417   256.1199   -29.1360     -1.000    -1.0000    -1.0000     -1.000  -1.000000
   88.7665   -48.9255   256.1100   -29.0867     -1.000    -1.0000    -1.0000     -1.000  -1.000000
   88.8384   -48.9093   256.1002   -29.0375     -1.000    -1.0000    -1.0000     -1.000  -1.000000
   88.9104   -48.8931   256.0904   -28.9882     -1.000    -1.0000    -1.0000     -1.000  -1.000000
   88.9823   -48.8768   256.0805   -28.9390     -1.000    -1.0000    -1.0000     -1.000  -1.000000
   89.0541   -48.8604   256.0707   -28.8897     -1.000    -1.0000    -1.0000     -1.000  -1.000000
   89.1259   -48.8440   256.0609   -28.8404     -1.000    -1.0000    -1.0000     -1.000  -1.000000
   89.1976   -48.8276   256.0511   -28.7912     -1.000    -1.0000    -1.0000     -1.000  -1.000000
   89.2693   -48.8112   256.0413   -28.7419     -1.000    -1.0000    -1.0000     -1.000  -1.000000
   89.3410   -48.7946   256.0316   -28.6927     -1.000    -1.0000    -1.0000     -1.000  -1.000000
   89.4126   -48.7781   256.0218   -28.6434     -1.000    -1.0000    -1.0000     -1.000  -1.000000
   89.4842   -48.7615   256.0120   -28.5941     -1.000    -1.0000    -1.0000     -1.000  -1.000000
   89.5557   -48.7448   256.0023   -28.5449     -1.000    -1.0000    -1.0000     -1.000  -1.000000
   89.6271   -48.7281   255.9925   -28.4956     -1.000    -1.0000    -1.0000     -1.000  -1.000000
   89.6985   -48.7114   255.9828   -28.4464     -1.000    -1.0000    -1.0000     -1.000  -1.000000
   89.7699   -48.6946   255.9731   -28.3971     -1.000    -1.0000    -1.0000     -1.000  -1.000000
   89.8412   -48.6778   255.9634   -28.3478     -1.000    -1.0000    -1.0000     -1.000  -1.000000
   89.9125   -48.6609   255.9537   -28.2986     -1.000    -1.0000    -1.0000     -1.000  -1.000000
   89.9837   -48.6440   255.9440   -28.2493     -1.000    -1.0000    -1.0000     -1.000  -1.000000
   90.0549   -48.6271   255.9343   -28.2000     -1.000    -1.0000    -1.0000     -1.000  -1.000000
   90.1260   -48.6101   255.9246   -28.1508     -1.000    -1.0000    -1.0000     -1.000  -1.000000
   90.1971   -48.5930   255.9149   -28.1015     -1.000    -1.0000    -1.0000     -1.000  -1.000000
   90.2682   -48.5759   255.9053   -28.0522     -1.000    -1.0000    -1.0000     -1.000  -1.000000
   90.3391   -48.5588   255.8956   -28.0030     -1.000    -1.0000    -1.0000     -1.000  -1.000000
   90.4101   -48.5416   255.8860   -27.9537     -1.000    -1.0000    -1.0000     -1.000  -1.000000
   90.4810   -48.5244   255.8763   -27.9044     -1.000    -1.0000    -1.0000     -1.000  -1.000000
   90.5518   -48.5072   255.8667   -27.8552     -1.000    -1.0000    -1.0000     -1.000  -1.000000
   90.6226   -48.4899   255.8571   -27.8059     -1.000    -1.0000    -1.0000     -1.000  -1.000000
   90.6933   -48.4725   255.8475   -27.7566     -1.000    -1.0000    -1.0000     -1.000  -1.000000
   90.7640   -48.4551   255.8379   -27.7073     -1.000    -1.0000    -1.0000     -1.000  -1.000000
   90.8347   -48.4377   255.8283   -27.6581     -1.000    -1.0000    -1.0000     -1.000  -1.000000
   90.9053   -48.4202   255.8187   -27.6088     -1.000    -1.0000    -1.0000     -1.000  -1.000000
   90.9758   -48.4027   255.8091   -27.5595     -1.000    -1.0000    -1.0000     -1.000  -1.000000
   91.0463   -48.3851   255.7996   -27.5102     -1.000    -1.0000    -1.0000     -1.000  -1.000000
   91.1168   -48.3675   255.7900   -27.4610     -1.000    -1.0000    -1.0000     -1.000  -1.000000
   91.1872   -48.3499   255.7805   -27.4117     -1.000    -1.0000    -1.0000     -1.000  -1.000000
   91.2576   -48.3322   255.7709   -27.3624     -1.000    -1.0000    -1.0000     -1.000  -1.000000
   91.3279   -48.3144   255.7614   -27.3131     -1.000    -1.0000    -1.0000     -1.000  -1.000000
   91.3981   -48.2967   255.7519   -27.2639     -1.000    -1.0000    -1.0000     -1.000  -1.000000
   91.4683   -48.2788   255.7424   -27.2146     -1.000    -1.0000    -1.0000     -1.000  -1.000000
   91.5385   -48.2610   255.7329   -27.1653     -1.000    -1.0000    -1.0000     -1.000  -1.000000
   91.6086   -48.2431   255.7234   -27.1160     -1.000    -1.0000    -1.0000     -1.000  -1.000000
   91.6787   -48.2251   255.7139   -27.0667     -1.000    -1.0000    -1.0000     -1.000  -1.000000
   91.7487   -48.2071   255.7044   -27.0174     -1.000    -1.0000    -1.0000     -1.000  -1.000000
   91.8186   -48.1891   255.6949   -26.9682     -1.000    -1.0000    -1.0000     -1.000  -1.000000
   91.8885   -48.1710   255.6855   -26.9189     -1.000    -1.0000    -1.0000     -1.000  -1.000000
   91.9584   -48.1529   255.6760   -26.8696     -1.000    -1.0000    -1.0000     -1.000  -1.000000
   92.0282   -48.1347   255.6665   -26.8203     -1.000    -1.0000    -1.0000     -1.000  -1.000000
   92.0980   -48.1165   255.6571   -26.7710     -1.000    -1.0000    -1.0000     -1.000  -1.000000
   92.1677   -48.0983   255.6477   -26.7217     -1.000    -1.0000    -1.0000     -1.000  -1.000000
   92.2374   -48.0800   255.6383   -26.6725     -1.000    -1.0000    -1.0000     -1.000  -1.000000
   92.3070   -48.0617   255.6288   -26.6232     -1.000    -1.0000    -1.0000     -1.000  -1.000000
   92.3766   -48.0433   255.6194   -26.5739     -1.000    -1.0000    -1.0000     -1.000  -1.000000
   92.4461   -48.0249   255.6100   -26.5246     -1.000    -1.0000    -1.0000     -1.000  -1.000000
   92.5155   -48.0064   255.6006   -26.4753     -1.000    -1.0000    -1.0000     -1.000  -1.000000
   92.5850   -47.9879   255.5913   -26.4260     -1.000    -1.0000    -1.0000     -1.000  -1.000000
   92.6543   -47.9694   255.5819   -26.3767     -1.000    -1.0000    -1.0000     -1.000  -1.000000
   92.7237   -47.9508   255.5725   -26.3274     -1.000    -1.0000    -1.0000     -1.000  -1.000000
   92.7929   -47.9322   255.5632   -26.2781     -1.000    -1.0000    -1.0000     -1.000  -1.000000
   92.8621   -47.9135   255.5538   -26.2289     -1.000    -1.0000    -1.0000     -1.000  -1.000000
   92.9313   -47.8948   255.5445   -26.1796     -1.000    -1.0000    -1.0000     -1.000  -1.000000
   93.0004   -47.8761   255.5351   -26.1303     -1.000    -1.0000    -1.0000     -1.000  -1.000000
   93.0695   -47.8573   255.5258   -26.0810     -1.000    -1.0000    -1.0000     -1.000  -1.000000
   93.1385   -47.8384   255.5165   -26.0317     -1.000    -1.0000    -1.0000     -1.000  -1.000000
   93.2075   -47.8196   255.5072   -25.9824     -1.000    -1.0000    -1.0000     -1.000  -1.000000
   93.2764   -47.8007   255.4979   -25.9331     -1.000    -1.0000    -1.0000     -1.000  -1.000000
   93.3453   -47.7817   255.4886   -25.8838     -1.000    -1.0000    -1.0000     -1.000  -1.000000
   93.4141   -47.7627   255.4793   -25.8345     -1.000    -1.0000    -1.0000     -1.000  -1.000000
   93.4829   -47.7437   255.4700   -25.7852     -1.000    -1.0000    -1.0000     -1.000  -1.000000
   93.5516   -47.7246   255.4607   -25.7359     -1.000    -1.0000    -1.0000     -1.000  -1.000000
   93.6202   -47.7055   255.4515   -25.6866     -1.000    -1.0000    -1.0000     -1.000  -1.000000
   93.6889   -47.6863   255.4422   -25.6373     -1.000    -1.0000    -1.0000     -1.000  -1.000000
   93.7574   -47.6671   255.4330   -25.5880     -1.000    -1.0000    -1.0000     -1.000  -1.000000
   93.8259   -47.6479   255.4237   -25.5387     -1.000    -1.0000    -1.0000     -1.000  -1.000000
   93.8944   -47.6286   255.4145   -25.4894     -1.000    -1.0000    -1.0000     -1.000  -1.000000
   93.9628   -47.6093   255.4053   -25.4401     -1.000    -1.0000    -1.0000     -1.000  -1.000000
   94.0312   -47.5899   255.3960   -25.3908     -1.000    -1.0000    -1.0000     -1.000  -1.000000
   94.0995   -47.5705   255.3868   -25.3415     -1.000    -1.0000    -1.0000     -1.000  -1.000000
   94.1678   -47.5511   255.3776   -25.2922     -1.000    -1.0000    -1.0000     -1.000  -1.000000
   94.2360   -47.5316   255.3684   -25.2429     -1.000    -1.0000    -1.0000     -1.000  -1.000000
   94.3041   -47.5121   255.3592   -25.1936     -1.000    -1.0000    -1.0000     -1.000  -1.000000
   94.3722   -47.4925   255.3501   -25.1443     -1.000    -1.0000    -1.0000     -1.000  -1.000000
   94.4403   -47.4729   255.3409   -25.0950     -1.000    -1.0000    -1.0000     -1.000  -1.000000
   94.5083   -47.4532   255.3317   -25.0457     -1.000    -1.0000    -1.0000     -1.000  -1.000000
   94.5763   -47.4335   255.3226   -24.9964     -1.000    -1.0000    -1.0000     -1.000  -1.000000
   94.6442   -47.4138   255.3134   -24.9471     -1.000    -1.0000    -1.0000     -1.000  -1.000000
   94.7120   -47.3941   255.3043   -24.8978     -1.000    -1.0000    -1.0000     -1.000  -1.000000
   94.7798   -47.3742   255.2951   -24.8484     -1.000    -1.0000    -1.0000     -1.000  -1.000000
   94.8476   -47.3544   255.2860   -24.7991     -1.000    -1.0000    -1.0000     -1.000  -1.000000
   94.9153   -47.3345   255.2769   -24.7498     -1.000    -1.0000    -1.0000     -1.000  -1.000000
   94.9830   -47.3146   255.2678   -24.7005     -1.000    -1.0000    -1.0000     -1.000  -1.000000
   95.0506   -47.2946   255.2587   -24.6512     -1.000    -1.0000    -1.0000     -1.000  -1.000000
   95.1181   -47.2746   255.2496   -24.6019     -1.000    -1.0000    -1.0000     -1.000  -1.000000
   95.1856   -47.2546   255.2405   -24.5526     -1.000    -1.0000    -1.0000     -1.000  -1.000000
   95.2531   -47.2345   255.2314   -24.5033     -1.000    -1.0000    -1.0000     -1.000  -1.000000
   95.3204   -47.2144   255.2223   -24.4540     -1.000    -1.0000    -1.0000     -1.000  -1.000000
   95.3878   -47.1942   255.2132   -24.4047     -1.000    -1.0000    -1.0000     -1.000  -1.000000
   95.4551   -47.1740   255.2042   -24.3553     -1.000    -1.0000    -1.0000     -1.000  -1.000000
   95.5223   -47.1537   255.1951   -24.3060     -1.000    -1.0000    -1.0000     -1.000  -1.000000
   95.5895   -47.1335   255.1860   -24.2567     -1.000    -1.0000    -1.0000     -1.000  -1.000000
   95.6567   -47.1131   255.1770   -24.2074     -1.000    -1.0000    -1.0000     -1.000  -1.000000
