#   RA_deg    DEC_deg      l_deg      b_deg   Rhel_kpc    phi_deg  theta_deg   Rgal_kpc parallax_mas
  300.0007   -49.4007   349.5208   -31.1257     -1.000    -1.0000    -1.0000     -1.000    -1.000000
  300.0434   -49.4423   349.4762   -31.1580     -1.000    -1.0000    -1.0000     -1.000    -1.000000
  300.0861   -49.4839   349.4316   -31.1903     -1.000    -1.0000    -1.0000     -1.000    -1.000000
  300.1288   -49.5255   349.3869   -31.2225     -1.000    -1.0000    -1.0000     -1.000    -1.000000
  300.1717   -49.5670   349.3422   -31.2547     -1.000    -1.0000    -1.0000     -1.000    -1.000000
  300.2146   -49.6086   349.2974   -31.2869     -1.000    -1.0000    -1.0000     -1.000    -1.000000
  300.2576   -49.6501   349.2527   -31.3191     -1.000    -1.0000    -1.0000     -1.000    -1.000000
  300.3007   -49.6916   349.2079   -31.3513     -1.000    -1.0000    -1.0000     -1.000    -1.000000
  300.3438   -49.7331   349.1630   -31.3835     -1.000    -1.0000    -1.0000     -1.000    -1.000000
  300.3871   -49.7746   349.1182   -31.4156     -1.000    -1.0000    -1.0000     -1.000    -1.000000
  300.4303   -49.8160   349.0733   -31.4478     -1.000    -1.0000    -1.0000     -1.000    -1.000000
  300.4737   -49.8575   349.0284   -31.4799     -1.000    -1.0000    -1.0000     -1.000    -1.000000
  300.5172   -49.8989   348.9834   -31.5120     -1.000    -1.0000    -1.0000     -1.000    -1.000000
  300.5607   -49.9403   348.9384   -31.5441     -1.000    -1.0000    -1.0000     -1.000    -1.000000
  300.6043   -49.9817   348.8934   -31.5762     -1.000    -1.0000    -1.0000     -1.000    -1.000000
  300.6479   -50.0231   348.8484   -31.6082     -1.000    -1.0000    -1.0000     -1.000    -1.000000
  300.6917   -50.0645   348.8033   -31.6403     -1.000    -1.0000    -1.0000     -1.000    -1.000000
  300.7355   -50.1058   348.7582   -31.6723     -1.000    -1.0000    -1.0000     -1.000    -1.000000
  300.7794   -50.1471   348.7130   -31.7043     -1.000    -1.0000    -1.0000     -1.000    -1.000000
  300.8233   -50.1884   348.6679   -31.7363     -1.000    -1.0000    -1.0000     -1.000    -1.000000
  300.8674   -50.2297   348.6227   -31.7683     -1.000    -1.0000    -1.0000     -1.000    -1.000000
  300.9115   -50.2710   348.5774   -31.8002     -1.000    -1.0000    -1.0000     -1.000    -1.000000
  300.9557   -50.3123   348.5322   -31.8322     -1.000    -1.0000    -1.0000     -1.000    -1.000000
  301.0000   -50.3535   348.4869   -31.8641     -1.000    -1.0000    -1.0000     -1.000    -1.000000
  301.0443   -50.3948   348.4415   -31.8960     -1.000    -1.0000    -1.0000     -1.000    -1.000000
  301.0888   -50.4360   348.3962   -31.9279     -1.000    -1.0000    -1.0000     -1.000    -1.000000
  301.1333   -50.4772   348.3508   -31.9598     -1.000    -1.0000    -1.0000     -1.000    -1.000000
  301.1779   -50.5184   348.3054   -31.9917     -1.000    -1.0000    -1.0000     -1.000    -1.000000
  301.2225   -50.5595   348.2599   -32.0235     -1.000    -1.0000    -1.0000     -1.000    -1.000000
  301.2673   -50.6007   348.2144   -32.0554     -1.000    -1.0000    -1.0000     -1.000    -1.000000
  301.3121   -50.6418   348.1689   -32.0872     -1.000    -1.0000    -1.0000     -1.000    -1.000000
  301.3570   -50.6829   348.1234   -32.1190     -1.000    -1.0000    -1.0000     -1.000    -1.000000
  301.4019   -50.7240   348.0778   -32.1508     -1.000    -1.0000    -1.0000     -1.000    -1.000000
  301.4470   -50.7651   348.0322   -32.1825     -1.000    -1.0000    -1.0000     -1.000    -1.000000
  301.4921   -50.8061   347.9865   -32.2143     -1.000    -1.0000    -1.0000     -1.000    -1.000000
  301.5373   -50.8472   347.9408   -32.2460     -1.000    -1.0000    -1.0000     -1.000    -1.000000
  301.5826   -50.8882   347.8951   -32.2777     -1.000    -1.0000    -1.0000     -1.000    -1.000000
  301.6280   -50.9292   347.8494   -32.3094     -1.000    -1.0000    -1.0000     -1.000    -1.000000
  301.6735   -50.9702   347.8036   -32.3411     -1.000    -1.0000    -1.0000     -1.000    -1.000000
  301.7190   -51.0112   347.7578   -32.3728     -1.000    -1.0000    -1.0000     -1.000    -1.000000
  301.7646   -51.0521   347.7120   -32.4045     -1.000    -1.0000    -1.0000     -1.000    -1.000000
  301.8103   -51.0930   347.6661   -32.4361     -1.000    -1.0000    -1.0000     -1.000    -1.000000
  301.8561   -51.1340   347.6202   -32.4677     -1.000    -1.0000    -1.0000     -1.000    -1.000000
  301.9019   -51.1749   347.5743   -32.4993     -1.000    -1.0000    -1.0000     -1.000    -1.000000
  301.9479   -51.2157   347.5283   -32.5309     -1.000    -1.0000    -1.0000     -1.000    -1.000000
  301.9939   -51.2566   347.4823   -32.5625     -1.000    -1.0000    -1.0000     -1.000    -1.000000
  302.0400   -51.2974   347.4363   -32.5940     -1.000    -1.0000    -1.0000     -1.000    -1.000000
  302.0862   -51.3383   347.3902   -32.6256     -1.000    -1.0000    -1.0000     -1.000    -1.000000
  302.1324   -51.3791   347.3441   -32.6571     -1.000    -1.0000    -1.0000     -1.000    -1.000000
  302.1788   -51.4199   347.2980   -32.6886     -1.000    -1.0000    -1.0000     -1.000    -1.000000
  302.2252   -51.4606   347.2519   -32.7201     -1.000    -1.0000    -1.0000     -1.000    -1.000000
  302.2717   -51.5014   347.2057   -32.7515     -1.000    -1.0000    -1.0000     -1.000    -1.000000
  302.3183   -51.5421   347.1594   -32.7830     -1.000    -1.0000    -1.0000     -1.000    -1.000000
  302.3650   -51.5829   347.1132   -32.8144     -1.000    -1.0000    -1.0000     -1.000    -1.000000
  302.4118   -51.6236   347.0669   -32.8458     -1.000    -1.0000    -1.0000     -1.000    -1.000000
  302.4586   -51.6642   347.0206   -32.8772     -1.000    -1.0000    -1.0000     -1.000    -1.000000
  302.5055   -51.7049   346.9742   -32.9086     -1.000    -1.0000    -1.0000     -1.000    -1.000000
  302.5526   -51.7455   346.9278   -32.9400     -1.000    -1.0000    -1.0000     -1.000    -1.000000
  302.5997   -51.7862   346.8814   -32.9713     -1.000    -1.0000    -1.0000     -1.000    -1.000000
  302.6468   -51.8268   346.8350   -33.0027     -1.000    -1.0000    -1.0000     -1.000    -1.000000
  302.6941   -51.8674   346.7885   -33.0340     -1.000    -1.0000    -1.0000     -1.000    -1.000000
  302.7415   -51.9079   346.7419   -33.0653     -1.000    -1.0000    -1.0000     -1.000    -1.000000
  302.7889   -51.9485   346.6954   -33.0966     -1.000    -1.0000    -1.0000     -1.000    -1.000000
  302.8364   -51.9890   346.6488   -33.1278     -1.000    -1.0000    -1.0000     -1.000    -1.000000
  302.8841   -52.0295   346.6022   -33.1591     -1.000    -1.0000    -1.0000     -1.000    -1.000000
  302.9318   -52.0700   346.5555   -33.1903     -1.000    -1.0000    -1.0000     -1.000    -1.000000
  302.9795   -52.1105   346.5088   -33.2215     -1.000    -1.0000    -1.0000     -1.000    -1.000000
  303.0274   -52.1509   346.4621   -33.2527     -1.000    -1.0000    -1.0000     -1.000    -1.000000
  303.0754   -52.1914   346.4154   -33.2839     -1.000    -1.0000    -1.0000     -1.000    -1.000000
  303.1234   -52.2318   346.3686   -33.3150     -1.000    -1.0000    -1.0000     -1.000    -1.000000
  303.1716   -52.2722   346.3218   -33.3462     -1.000    -1.0000    -1.0000     -1.000    -1.000000
  303.2198   -52.3125   346.2749   -33.3773     -1.000    -1.0000    -1.0000     -1.000    -1.000000
  303.2681   -52.3529   346.2280   -33.4084     -1.000    -1.0000    -1.0000     -1.000    -1.000000
  303.3165   -52.3932   346.1811   -33.4395     -1.000    -1.0000    -1.0000     -1.000    -1.000000
  303.3650   -52.4335   346.1342   -33.4706     -1.000    -1.0000    -1.0000     -1.000    -1.000000
  303.4136   -52.4738   346.0872   -33.5016     -1.000    -1.0000    -1.0000     -1.000    -1.000000
  303.4622   -52.5141   346.0401   -33.5327     -1.000    -1.0000    -1.0000     -1.000    -1.000000
  303.5110   -52.5544   345.9931   -33.5637     -1.000    -1.0000    -1.0000     -1.000    -1.000000
  303.5598   -52.5946   345.9460   -33.5947     -1.000    -1.0000    -1.0000     -1.000    -1.000000
  303.6088   -52.6348   345.8989   -33.6256     -1.000    -1.0000    -1.0000     -1.000    -1.000000
  303.6578   -52.6750   345.8517   -33.6566     -1.000    -1.0000    -1.0000     -1.000    -1.000000
  303.7069   -52.7152   345.8045   -33.6876     -1.000    -1.0000    -1.0000     -1.000    -1.000000
  303.7561   -52.7553   345.7573   -33.7185     -1.000    -1.0000    -1.0000     -1.000    -1.000000
  303.8054   -52.7955   345.7100   -33.7494     -1.000    -1.0000    -1.0000     -1.000    -1.000000
  303.8548   -52.8356   345.6628   -33.7803     -1.000    -1.0000    -1.0000     -1.000    -1.000000
  303.9043   -52.8757   345.6154   -33.8112     -1.000    -1.0000    -1.0000     -1.000    -1.000000
  303.9538   -52.9157   345.5681   -33.8420     -1.000    -1.0000    -1.0000     -1.000    -1.000000
  304.0035   -52.9558   345.5207   -33.8729     -1.000    -1.0000    -1.0000     -1.000    -1.000000
  304.0532   -52.9958   345.4732   -33.9037     -1.000    -1.0000    -1.0000     -1.000    -1.000000
  304.1031   -53.0358   345.4258   -33.9345     -1.000    -1.0000    -1.0000     -1.000    -1.000000
  304.1530   -53.0758   345.3783   -33.9653     -1.000    -1.0000    -1.0000     -1.000    -1.000000
  304.2031   -53.1158   345.3308   -33.9960     -1.000    -1.0000    -1.0000     -1.000    -1.000000
  304.2532   -53.1557   345.2832   -34.0268     -1.000    -1.0000    -1.0000     -1.000    -1.000000
  304.3034   -53.1957   345.2356   -34.0575     -1.000    -1.0000    -1.0000     -1.000    -1.000000
  304.3537   -53.2356   345.1879   -34.0882     -1.000    -1.0000    -1.0000     -1.000    -1.000000
  304.4041   -53.2755   345.1403   -34.1189     -1.000    -1.0000    -1.0000     -1.000    -1.000000
  304.4546   -53.3153   345.0926   -34.1496     -1.000    -1.0000    -1.0000     -1.000    -1.000000
  304.5052   -53.3552   345.0448   -34.1802     -1.000    -1.0000    -1.0000     -1.000    -1.000000
  304.5559   -53.3950   344.9971   -34.2109     -1.000    -1.0000    -1.0000     -1.000    -1.000000
  304.6067   -53.4348   344.9492   -34.2415     -1.000    -1.0000    -1.0000     -1.000    -1.000000
  304.6576   -53.4746   344.9014   -34.2721     -1.000    -1.0000    -1.0000     -1.000    -1.000000
  304.7085   -53.5143   344.8535   -34.3027     -1.000    -1.0000    -1.0000     -1.000    -1.000000
  304.7596   -53.5540   344.8056   -34.3332     -1.000    -1.0000    -1.0000     -1.000    -1.000000
  304.8108   -53.5938   344.7577   -34.3638     -1.000    -1.0000    -1.0000     -1.000    -1.000000
  304.8620   -53.6334   344.7097   -34.3943     -1.000    -1.0000    -1.0000     -1.000    -1.000000
  304.9134   -53.6731   344.6617   -34.4248     -1.000    -1.0000    -1.0000     -1.000    -1.000000
  304.9648   -53.7128   344.6136   -34.4553     -1.000    -1.0000    -1.0000     -1.000    -1.000000
  305.0164   -53.7524   344.5655   -34.4857     -1.000    -1.0000    -1.0000     -1.000    -1.000000
  305.0680   -53.7920   344.5174   -34.5162     -1.000    -1.0000    -1.0000     -1.000    -1.000000
  305.1198   -53.8316   344.4692   -34.5466     -1.000    -1.0000    -1.0000     -1.000    -1.000000
  305.1716   -53.8711   344.4210   -34.5770     -1.000    -1.0000    -1.0000     -1.000    -1.000000
  305.2236   -53.9106   344.3728   -34.6074     -1.000    -1.0000    -1.0000     -1.000    -1.000000
  305.2756   -53.9502   344.3246   -34.6378     -1.000    -1.0000    -1.0000     -1.000    -1.000000
  305.3278   -53.9896   344.2763   -34.6681     -1.000    -1.0000    -1.0000     -1.000    -1.000000
  305.3800   -54.0291   344.2279   -34.6985     -1.000    -1.0000    -1.0000     -1.000    -1.000000
  305.4323   -54.0686   344.1795   -34.7288     -1.000    -1.0000    -1.0000     -1.000    -1.000000
  305.4848   -54.1080   344.1311   -34.7591     -1.000    -1.0000    -1.0000     -1.000    -1.000000
  305.5373   -54.1474   344.0827   -34.7894     -1.000    -1.0000    -1.0000     -1.000    -1.000000
  305.5900   -54.1868   344.0342   -34.8196     -1.000    -1.0000    -1.0000     -1.000    -1.000000
  305.6427   -54.2261   343.9857   -34.8499     -1.000    -1.0000    -1.0000     -1.000    -1.000000
  305.6955   -54.2654   343.9372   -34.8801     -1.000    -1.0000    -1.0000     -1.000    -1.000000
  305.7485   -54.3047   343.8886   -34.9103     -1.000    -1.0000    -1.0000     -1.000    -1.000000
  305.8015   -54.3440   343.8400   -34.9405     -1.000    -1.0000    -1.0000     -1.000    -1.000000
  305.8547   -54.3833   343.7913   -34.9706     -1.000    -1.0000    -1.0000     -1.000    -1.000000
  305.9079   -54.4225   343.7426   -35.0008     -1.000    -1.0000    -1.0000     -1.000    -1.000000
  305.9612   -54.4617   343.6939   -35.0309     -1.000    -1.0000    -1.0000     -1.000    -1.000000
  306.0147   -54.5009   343.6451   -35.0610     -1.000    -1.0000    -1.0000     -1.000    -1.000000
  306.0682   -54.5401   343.5963   -35.0911     -1.000    -1.0000    -1.0000     -1.000    -1.000000
  306.1219   -54.5792   343.5475   -35.1212     -1.000    -1.0000    -1.0000     -1.000    -1.000000
  306.1756   -54.6183   343.4986   -35.1512     -1.000    -1.0000    -1.0000     -1.000    -1.000000
  306.2295   -54.6574   343.4497   -35.1812     -1.000    -1.0000    -1.0000     -1.000    -1.000000
  306.2835   -54.6965   343.4008   -35.2112     -1.000    -1.0000    -1.0000     -1.000    -1.000000
  306.3375   -54.7356   343.3518   -35.2412     -1.000    -1.0000    -1.0000     -1.000    -1.000000
  306.3917   -54.7746   343.3028   -35.2712     -1.000    -1.0000    -1.0000     -1.000    -1.000000
  306.4460   -54.8136   343.2537   -35.3011     -1.000    -1.0000    -1.0000     -1.000    -1.000000
  306.5004   -54.8526   343.2046   -35.3311     -1.000    -1.0000    -1.0000     -1.000    -1.000000
  306.5549   -54.8915   343.1555   -35.3610     -1.000    -1.0000    -1.0000     -1.000    -1.000000
  306.6094   -54.9304   343.1063   -35.3908     -1.000    -1.0000    -1.0000     -1.000    -1.000000
  306.6641   -54.9693   343.0571   -35.4207     -1.000    -1.0000    -1.0000     -1.000    -1.000000
  306.7190   -55.0082   343.0079   -35.4506     -1.000    -1.0000    -1.0000     -1.000    -1.000000
  306.7739   -55.0471   342.9586   -35.4804     -1.000    -1.0000    -1.0000     -1.000    -1.000000
  306.8289   -55.0859   342.9093   -35.5102     -1.000    -1.0000    -1.0000     -1.000    -1.000000
  306.8840   -55.1247   342.8600   -35.5400     -1.000    -1.0000    -1.0000     -1.000    -1.000000
  306.9392   -55.1635   342.8106   -35.5697     -1.000    -1.0000    -1.0000     -1.000    -1.000000
  306.9946   -55.2022   342.7612   -35.5995     -1.000    -1.0000    -1.0000     -1.000    -1.000000
  307.0500   -55.2409   342.7117   -35.6292     -1.000    -1.0000    -1.0000     -1.000    -1.000000
  307.1056   -55.2796   342.6622   -35.6589     -1.000    -1.0000    -1.0000     -1.000    -1.000000
  307.1612   -55.3183   342.6127   -35.6886     -1.000    -1.0000    -1.0000     -1.000    -1.000000
  307.2170   -55.3570   342.5631   -35.7183     -1.000    -1.0000    -1.0000     -1.000    -1.000000
  307.2729   -55.3956   342.5135   -35.7479     -1.000    -1.0000    -1.0000     -1.000    -1.000000
  307.3289   -55.4342   342.4639   -35.7775     -1.000    -1.0000    -1.0000     -1.000    -1.000000
  307.3850   -55.4728   342.4142   -35.8071     -1.000    -1.0000    -1.0000     -1.000    -1.000000
  307.4412   -55.5113   342.3645   -35.8367     -1.000    -1.0000    -1.0000     -1.000    -1.000000
  307.4975   -55.5498   342.3148   -35.8663     -1.000    -1.0000    -1.0000     -1.000    -1.000000
  307.5539   -55.5883   342.2650   -35.8958     -1.000    -1.0000    -1.0000     -1.000    -1.000000
  307.6105   -55.6268   342.2152   -35.9254     -1.000    -1.0000    -1.0000     -1.000    -1.000000
  307.6671   -55.6652   342.1653   -35.9549     -1.000    -1.0000    -1.0000     -1.000    -1.000000
  307.7239   -55.7037   342.1154   -35.9843     -1.000    -1.0000    -1.0000     -1.000    -1.000000
  307.7808   -55.7421   342.0655   -36.0138     -1.000    -1.0000    -1.0000     -1.000    -1.000000
  307.8377   -55.7804   342.0155   -36.0432     -1.000    -1.0000    -1.0000     -1.000    -1.000000
  307.8948   -55.8188   341.9655   -36.0727     -1.000    -1.0000    -1.0000     -1.000    -1.000000
  307.9521   -55.8571   341.9154   -36.1021     -1.000    -1.0000    -1.0000     -1.000    -1.000000
  308.0094   -55.8954   341.8653   -36.1314     -1.000    -1.0000    -1.0000     -1.000    -1.000000
  308.0668   -55.9336   341.8152   -36.1608     -1.000    -1.0000    -1.0000     -1.000    -1.000000
  308.1244   -55.9719   341.7651   -36.1901     -1.000    -1.0000    -1.0000     -1.000    -1.000000
  308.1820   -56.0101   341.7149   -36.2194     -1.000    -1.0000    -1.0000     -1.000    -1.000000
  308.2398   -56.0482   341.6646   -36.2487     -1.000    -1.0000    -1.0000     -1.000    -1.000000
  308.2977   -56.0864   341.6144   -36.2780     -1.000    -1.0000    -1.0000     -1.000    -1.000000
  308.3557   -56.1245   341.5640   -36.3073     -1.000    -1.0000    -1.0000     -1.000    -1.000000
  308.4138   -56.1626   341.5137   -36.3365     -1.000    -1.0000    -1.0000     -1.000    -1.000000
  308.4721   -56.2007   341.4633   -36.3657     -1.000    -1.0000    -1.0000     -1.000    -1.000000
  308.5304   -56.2387   341.4129   -36.3949     -1.000    -1.0000    -1.0000     -1.000    -1.000000
  308.5889   -56.2768   341.3624   -36.4241     -1.000    -1.0000    -1.0000     -1.000    -1.000000
  308.6475   -56.3147   341.3119   -36.4532     -1.000    -1.0000    -1.0000     -1.000    -1.000000
  308.7062   -56.3527   341.2614   -36.4823     -1.000    -1.0000    -1.0000     -1.000    -1.000000
  308.7650   -56.3906   341.2108   -36.5114     -1.000    -1.0000    -1.0000     -1.000    -1.000000
  308.8239   -56.4285   341.1602   -36.5405     -1.000    -1.0000    -1.0000     -1.000    -1.000000
  308.8830   -56.4664   341.1095   -36.5696     -1.000    -1.0000    -1.0000     -1.000    -1.000000
  308.9422   -56.5043   341.0589   -36.5986     -1.000    -1.0000    -1.0000     -1.000    -1.000000
  309.0015   -56.5421   341.0081   -36.6276     -1.000    -1.0000    -1.0000     -1.000    -1.000000
  309.0609   -56.5799   340.9574   -36.6566     -1.000    -1.0000    -1.0000     -1.000    -1.000000
  309.1204   -56.6176   340.9066   -36.6856     -1.000    -1.0000    -1.0000     -1.000    -1.000000
  309.1801   -56.6554   340.8557   -36.7145     -1.000    -1.0000    -1.0000     -1.000    -1.000000
  309.2398   -56.6931   340.8048   -36.7435     -1.000    -1.0000    -1.0000     -1.000    -1.000000
  309.2997   -56.7308   340.7539   -36.7724     -1.000    -1.0000    -1.0000     -1.000    -1.000000
  309.3597   -56.7684   340.7030   -36.8013     -1.000    -1.0000    -1.0000     -1.000    -1.000000
  309.4198   -56.8060   340.6520   -36.8301     -1.000    -1.0000    -1.0000     -1.000    -1.000000
  309.4801   -56.8436   340.6009   -36.8590     -1.000    -1.0000    -1.0000     -1.000    -1.000000
  309.5405   -56.8812   340.5499   -36.8878     -1.000    -1.0000    -1.0000     -1.000    -1.000000
  309.6009   -56.9187   340.4987   -36.9166     -1.000    -1.0000    -1.0000     -1.000    -1.000000
  309.6616   -56.9562   340.4476   -36.9454     -1.000    -1.0000    -1.0000     -1.000    -1.000000
  309.7223   -56.9937   340.3964   -36.9741     -1.000    -1.0000    -1.0000     -1.000    -1.000000
  309.7832   -57.0311   340.3452   -37.0029     -1.000    -1.0000    -1.0000     -1.000    -1.000000
  309.8441   -57.0686   340.2939   -37.0316     -1.000    -1.0000    -1.0000     -1.000    -1.000000
  309.9052   -57.1059   340.2426   -37.0603     -1.000    -1.0000    -1.0000     -1.000    -1.000000
  309.9665   -57.1433   340.1913   -37.0889     -1.000    -1.0000    -1.0000     -1.000    -1.000000
  310.0278   -57.1806   340.1399   -37.1176     -1.000    -1.0000    -1.0000     -1.000    -1.000000
  310.0893   -57.2179   340.0885   -37.1462     -1.000    -1.0000    -1.0000     -1.000    -1.000000
  310.1509   -57.2552   340.0370   -37.1748     -1.000    -1.0000    -1.0000     -1.000    -1.000000
  310.2126   -57.2924   339.9855   -37.2034     -1.000    -1.0000    -1.0000     -1.000    -1.000000
  310.2744   -57.3296   339.9340   -37.2320     -1.000    -1.0000    -1.0000     -1.000    -1.000000
  310.3364   -57.3668   339.8824   -37.2605     -1.000    -1.0000    -1.0000     -1.000    -1.000000
  310.3985   -57.4039   339.8308   -37.2890     -1.000    -1.0000    -1.0000     -1.000    -1.000000
  310.4607   -57.4411   339.7791   -37.3175     -1.000    -1.0000    -1.0000     -1.000    -1.000000
  310.5231   -57.4781   339.7274   -37.3460     -1.000    -1.0000    -1.0000     -1.000    -1.000000
  310.5856   -57.5152   339.6757   -37.3744     -1.000    -1.0000    -1.0000     -1.000    -1.000000
  310.6482   -57.5522   339.6239   -37.4028     -1.000    -1.0000    -1.0000     -1.000    -1.000000
  310.7109   -57.5892   339.5721   -37.4312     -1.000    -1.0000    -1.0000     -1.000    -1.000000
  310.7738   -57.6262   339.5202   -37.4596     -1.000    -1.0000    -1.0000     -1.000    -1.000000
  310.8368   -57.6631   339.4683   -37.4880     -1.000    -1.0000    -1.0000     -1.000    -1.000000
  310.8999   -57.7000   339.4164   -37.5163     -1.000    -1.0000    -1.0000     -1.000    -1.000000
  310.9631   -57.7369   339.3644   -37.5446     -1.000    -1.0000    -1.0000     -1.000    -1.000000
  311.0265   -57.7737   339.3124   -37.5729     -1.000    -1.0000    -1.0000     -1.000    -1.000000
  311.0900   -57.8105   339.2604   -37.6011     -1.000    -1.0000    -1.0000     -1.000    -1.000000
  311.1536   -57.8473   339.2083   -37.6294     -1.000    -1.0000    -1.0000     -1.000    -1.000000
  311.2174   -57.8840   339.1562   -37.6576     -1.000    -1.0000    -1.0000     -1.000    -1.000000
  311.2813   -57.9207   339.1040   -37.6858     -1.000    -1.0000    -1.0000     -1.000    -1.000000
  311.3453   -57.9574   339.0518   -37.7140     -1.000    -1.0000    -1.0000     -1.000    -1.000000
  311.4095   -57.9940   338.9995   -37.7421     -1.000    -1.0000    -1.0000     -1.000    -1.000000
  311.4737   -58.0306   338.9473   -37.7702     -1.000    -1.0000    -1.0000     -1.000    -1.000000
  311.5382   -58.0672   338.8949   -37.7983     -1.000    -1.0000    -1.0000     -1.000    -1.000000
  311.6027   -58.1038   338.8426   -37.8264     -1.000    -1.0000    -1.0000     -1.000    -1.000000
  311.6674   -58.1403   338.7902   -37.8545     -1.000    -1.0000    -1.0000     -1.000    -1.000000
  311.7322   -58.1768   338.7377   -37.8825     -1.000    -1.0000    -1.0000     -1.000    -1.000000
  311.7972   -58.2132   338.6852   -37.9105     -1.000    -1.0000    -1.0000     -1.000    -1.000000
  311.8622   -58.2496   338.6327   -37.9385     -1.000    -1.0000    -1.0000     -1.000    -1.000000
  311.9275   -58.2860   338.5801   -37.9665     -1.000    -1.0000    -1.0000     -1.000    -1.000000
  311.9928   -58.3223   338.5275   -37.9944     -1.000    -1.0000    -1.0000     -1.000    -1.000000
  312.0583   -58.3587   338.4749   -38.0223     -1.000    -1.0000    -1.0000     -1.000    -1.000000
  312.1239   -58.3949   338.4222   -38.0502     -1.000    -1.0000    -1.0000     -1.000    -1.000000
  312.1897   -58.4312   338.3695   -38.0781     -1.000    -1.0000    -1.0000     -1.000    -1.000000
  312.2556   -58.4674   338.3167   -38.1059     -1.000    -1.0000    -1.0000     -1.000    -1.000000
  312.3216   -58.5036   338.2639   -38.1338     -1.000    -1.0000    -1.0000     -1.000    -1.000000
  312.3877   -58.5397   338.2110   -38.1616     -1.000    -1.0000    -1.0000     -1.000    -1.000000
  312.4540   -58.5758   338.1582   -38.1893     -1.000    -1.0000    -1.0000     -1.000    -1.000000
  312.5205   -58.6119   338.1052   -38.2171     -1.000    -1.0000    -1.0000     -1.000    -1.000000
  312.5870   -58.6479   338.0523   -38.2448     -1.000    -1.0000    -1.0000     -1.000    -1.000000
  312.6537   -58.6840   337.9992   -38.2725     -1.000    -1.0000    -1.0000     -1.000    -1.000000
  312.7206   -58.7199   337.9462   -38.3002     -1.000    -1.0000    -1.0000     -1.000    -1.000000
  312.7876   -58.7559   337.8931   -38.3278     -1.000    -1.0000    -1.0000     -1.000    -1.000000
  312.8547   -58.7918   337.8400   -38.3555     -1.000    -1.0000    -1.0000     -1.000    -1.000000
  312.9220   -58.8276   337.7868   -38.3831     -1.000    -1.0000    -1.0000     -1.000    -1.000000
  312.9894   -58.8635   337.7336   -38.4107     -1.000    -1.0000    -1.0000     -1.000    -1.000000
  313.0569   -58.8993   337.6803   -38.4382     -1.000    -1.0000    -1.0000     -1.000    -1.000000
  313.1246   -58.9350   337.6270   -38.4658     -1.000    -1.0000    -1.0000     -1.000    -1.000000
  313.1924   -58.9708   337.5737   -38.4933     -1.000    -1.0000    -1.0000     -1.000    -1.000000
  313.2604   -59.0065   337.5203   -38.5208     -1.000    -1.0000    -1.0000     -1.000    -1.000000
  313.3285   -59.0421   337.4669   -38.5482     -1.000    -1.0000    -1.0000     -1.000    -1.000000
  313.3967   -59.0777   337.4135   -38.5757     -1.000    -1.0000    -1.0000     -1.000    -1.000000
  313.4651   -59.1133   337.3600   -38.6031     -1.000    -1.0000    -1.0000     -1.000    -1.000000
  313.5336   -59.1489   337.3064   -38.6305     -1.000    -1.0000    -1.0000     -1.000    -1.000000
  313.6023   -59.1844   337.2529   -38.6578     -1.000    -1.0000    -1.0000     -1.000    -1.000000
  313.6711   -59.2199   337.1992   -38.6852     -1.000    -1.0000    -1.0000     -1.000    -1.000000
  313.7401   -59.2553   337.1456   -38.7125     -1.000    -1.0000    -1.0000     -1.000    -1.000000
  313.8092   -59.2907   337.0919   -38.7398     -1.000    -1.0000    -1.0000     -1.000    -1.000000
  313.8784   -59.3261   337.0381   -38.7670     -1.000    -1.0000    -1.0000     -1.000    -1.000000
  313.9478   -59.3614   336.9844   -38.7943     -1.000    -1.0000    -1.0000     -1.000    -1.000000
  314.0174   -59.3967   336.9305   -38.8215     -1.000    -1.0000    -1.0000     -1.000    -1.000000
  314.0870   -59.4319   336.8767   -38.8487     -1.000    -1.0000    -1.0000     -1.000    -1.000000
  314.1569   -59.4672   336.8228   -38.8759     -1.000    -1.0000    -1.0000     -1.000    -1.000000
  314.2268   -59.5024   336.7688   -38.9030     -1.000    -1.0000    -1.0000     -1.000    -1.000000
  314.2969   -59.5375   336.7148   -38.9301     -1.000    -1.0000    -1.0000     -1.000    -1.000000
  314.3672   -59.5726   336.6608   -38.9572     -1.000    -1.0000    -1.0000     -1.000    -1.000000
  314.4376   -59.6077   336.6067   -38.9843     -1.000    -1.0000    -1.0000     -1.000    -1.000000
  314.5082   -59.6427   336.5526   -39.0113     -1.000    -1.0000    -1.0000     -1.000    -1.000000
  314.5789   -59.6777   336.4984   -39.0384     -1.000    -1.0000    -1.0000     -1.000    -1.000000
  314.6497   -59.7126   336.4443   -39.0653     -1.000    -1.0000    -1.0000     -1.000    -1.000000
  314.7207   -59.7476   336.3900   -39.0923     -1.000    -1.0000    -1.0000     -1.000    -1.000000
  314.7919   -59.7824   336.3357   -39.1193     -1.000    -1.0000    -1.0000     -1.000    -1.000000
  314.8632   -59.8173   336.2814   -39.1462     -1.000    -1.0000    -1.0000     -1.000    -1.000000
  314.9346   -59.8521   336.2271   -39.1731     -1.000    -1.0000    -1.0000     -1.000    -1.000000
  315.0062   -59.8868   336.1726   -39.1999     -1.000    -1.0000    -1.0000     -1.000    -1.000000
  315.0779   -59.9216   336.1182   -39.2268     -1.000    -1.0000    -1.0000     -1.000    -1.000000
  315.1498   -59.9563   336.0637   -39.2536     -1.000    -1.0000    -1.0000     -1.000    -1.000000
  315.2219   -59.9909   336.0092   -39.2804     -1.000    -1.0000    -1.0000     -1.000    -1.000000
  315.2941   -60.0255   335.9546   -39.3072     -1.000    -1.0000    -1.0000     -1.000    -1.000000
  315.3664   -60.0601   335.9000   -39.3339     -1.000    -1.0000    -1.0000     -1.000    -1.000000
  315.4389   -60.0946   335.8454   -39.3606     -1.000    -1.0000    -1.0000     -1.000    -1.000000
  315.5116   -60.1291   335.7907   -39.3873     -1.000    -1.0000    -1.0000     -1.000    -1.000000
  315.5844   -60.1635   335.7359   -39.4140     -1.000    -1.0000    -1.0000     -1.000    -1.000000
  315.6573   -60.1979   335.6811   -39.4406     -1.000    -1.0000    -1.0000     -1.000    -1.000000
  315.7304   -60.2323   335.6263   -39.4672     -1.000    -1.0000    -1.0000     -1.000    -1.000000
  315.8037   -60.2666   335.5715   -39.4938     -1.000    -1.0000    -1.0000     -1.000    -1.000000
  315.8771   -60.3009   335.5166   -39.5204     -1.000    -1.0000    -1.0000     -1.000    -1.000000
  315.9507   -60.3352   335.4616   -39.5469     -1.000    -1.0000    -1.0000     -1.000    -1.000000
  316.0244   -60.3694   335.4066   -39.5734     -1.000    -1.0000    -1.0000     -1.000    -1.000000
  316.0983   -60.4035   335.3516   -39.5999     -1.000    -1.0000    -1.0000     -1.000    -1.000000
  316.1723   -60.4377   335.2965   -39.6263     -1.000    -1.0000    -1.0000     -1.000    -1.000000
  316.2465   -60.4717   335.2414   -39.6528     -1.000    -1.0000    -1.0000     -1.000    -1.000000
  316.3209   -60.5058   335.1862   -39.6792     -1.000    -1.0000    -1.0000     -1.000    -1.000000
  316.3954   -60.5398   335.1310   -39.7056     -1.000    -1.0000    -1.0000     -1.000    -1.000000
  316.4700   -60.5737   335.0758   -39.7319     -1.000    -1.0000    -1.0000     -1.000    -1.000000
  316.5448   -60.6077   335.0205   -39.7582     -1.000    -1.0000    -1.0000     -1.000    -1.000000
  316.6198   -60.6415   334.9652   -39.7845     -1.000    -1.0000    -1.0000     -1.000    -1.000000
  316.6949   -60.6754   334.9098   -39.8108     -1.000    -1.0000    -1.0000     -1.000    -1.000000
  316.7702   -60.7092   334.8544   -39.8371     -1.000    -1.0000    -1.0000     -1.000    -1.000000
  316.8457   -60.7429   334.7990   -39.8633     -1.000    -1.0000    -1.0000     -1.000    -1.000000
  316.9213   -60.7766   334.7435   -39.8895     -1.000    -1.0000    -1.0000     -1.000    -1.000000
  316.9971   -60.8103   334.6879   -39.9157     -1.000    -1.0000    -1.0000     -1.000    -1.000000
  317.0730   -60.8439   334.6323   -39.9418     -1.000    -1.0000    -1.0000     -1.000    -1.000000
  317.1491   -60.8775   334.5767   -39.9679     -1.000    -1.0000    -1.0000     -1.000    -1.000000
  317.2253   -60.9110   334.5211   -39.9940     -1.000    -1.0000    -1.0000     -1.000    -1.000000
  317.3017   -60.9445   334.4653   -40.0201     -1.000    -1.0000    -1.0000     -1.000    -1.000000
  317.3783   -60.9779   334.4096   -40.0461     -1.000    -1.0000    -1.0000     -1.000    -1.000000
  317.4550   -61.0114   334.3538   -40.0721     -1.000    -1.0000    -1.0000     -1.000    -1.000000
  317.5319   -61.0447   334.2980   -40.0981     -1.000    -1.0000    -1.0000     -1.000    -1.000000
  317.6089   -61.0780   334.2421   -40.1240     -1.000    -1.0000    -1.0000     -1.000    -1.000000
  317.6862   -61.1113   334.1862   -40.1500     -1.000    -1.0000    -1.0000     -1.000    -1.000000
  317.7635   -61.1445   334.1302   -40.1759     -1.000    -1.0000    -1.0000     -1.000    -1.000000
  317.8411   -61.1777   334.0742   -40.2017     -1.000    -1.0000    -1.0000     -1.000    -1.000000
  317.9188   -61.2109   334.0181   -40.2276     -1.000    -1.0000    -1.0000     -1.000    -1.000000
  317.9966   -61.2440   333.9621   -40.2534     -1.000    -1.0000    -1.0000     -1.000    -1.000000
  318.0747   -61.2770   333.9059   -40.2792     -1.000    -1.0000    -1.0000     -1.000    -1.000000
  318.1529   -61.3100   333.8497   -40.3050     -1.000    -1.0000    -1.0000     -1.000    -1.000000
  318.2312   -61.3430   333.7935   -40.3307     -1.000    -1.0000    -1.0000     -1.000    -1.000000
  318.3097   -61.3759   333.7373   -40.3564     -1.000    -1.0000    -1.0000     -1.000    -1.000000
  318.3884   -61.4088   333.6810   -40.3821     -1.000    -1.0000    -1.0000     -1.000    -1.000000
  318.4673   -61.4416   333.6246   -40.4078     -1.000    -1.0000    -1.0000     -1.000    -1.000000
  318.5463   -61.4744   333.5682   -40.4334     -1.000    -1.0000    -1.0000     -1.000    -1.000000
  318.6255   -61.5071   333.5118   -40.4590     -1.000    -1.0000    -1.0000     -1.000    -1.000000
  318.7048   -61.5398   333.4553   -40.4846     -1.000    -1.0000    -1.0000     -1.000    -1.000000
  318.7844   -61.5724   333.3988   -40.5101     -1.000    -1.0000    -1.0000     -1.000    -1.000000
  318.8641   -61.6050   333.3422   -40.5356     -1.000    -1.0000    -1.0000     -1.000    -1.000000
  318.9439   -61.6376   333.2856   -40.5611     -1.000    -1.0000    -1.0000     -1.000    -1.000000
  319.0239   -61.6701   333.2290   -40.5866     -1.000    -1.0000    -1.0000     -1.000    -1.000000
  319.1041   -61.7025   333.1723   -40.6120     -1.000    -1.0000    -1.0000     -1.000    -1.000000
  319.1845   -61.7349   333.1155   -40.6374     -1.000    -1.0000    -1.0000     -1.000    -1.000000
  319.2650   -61.7673   333.0587   -40.6628     -1.000    -1.0000    -1.0000     -1.000    -1.000000
  319.3457   -61.7996   333.0019   -40.6882     -1.000    -1.0000    -1.0000     -1.000    -1.000000
  319.4266   -61.8319   332.9451   -40.7135     -1.000    -1.0000    -1.0000     -1.000    -1.000000
  319.5076   -61.8641   332.8881   -40.7388     -1.000    -1.0000    -1.0000     -1.000    -1.000000
  319.5888   -61.8963   332.8312   -40.7641     -1.000    -1.0000    -1.0000     -1.000    -1.000000
  319.6702   -61.9284   332.7742   -40.7893     -1.000    -1.0000    -1.0000     -1.000    -1.000000
  319.7518   -61.9605   332.7172   -40.8145     -1.000    -1.0000    -1.0000     -1.000    -1.000000
  319.8335   -61.9925   332.6601   -40.8397     -1.000    -1.0000    -1.0000     -1.000    -1.000000
  319.9154   -62.0245   332.6030   -40.8649     -1.000    -1.0000    -1.0000     -1.000    -1.000000
  319.9975   -62.0564   332.5458   -40.8900     -1.000    -1.0000    -1.0000     -1.000    -1.000000
  320.0797   -62.0883   332.4886   -40.9151     -1.000    -1.0000    -1.0000     -1.000    -1.000000
  320.1621   -62.1201   332.4313   -40.9402     -1.000    -1.0000    -1.0000     -1.000    -1.000000
  320.2447   -62.1519   332.3740   -40.9652     -1.000    -1.0000    -1.0000     -1.000    -1.000000
  320.3275   -62.1836   332.3167   -40.9902     -1.000    -1.0000    -1.0000     -1.000    -1.000000
  320.4104   -62.2153   332.2593   -41.0152     -1.000    -1.0000    -1.0000     -1.000    -1.000000
  320.4935   -62.2469   332.2019   -41.0402     -1.000    -1.0000    -1.0000     -1.000    -1.000000
  320.5768   -62.2785   332.1444   -41.0651     -1.000    -1.0000    -1.0000     -1.000    -1.000000
  320.6602   -62.3101   332.0869   -41.0900     -1.000    -1.0000    -1.0000     -1.000    -1.000000
  320.7439   -62.3415   332.0293   -41.1149     -1.000    -1.0000    -1.0000     -1.000    -1.000000
  320.8277   -62.3730   331.9717   -41.1397     -1.000    -1.0000    -1.0000     -1.000    -1.000000
  320.9117   -62.4044   331.9140   -41.1645     -1.000    -1.0000    -1.0000     -1.000    -1.000000
  320.9958   -62.4357   331.8564   -41.1893     -1.000    -1.0000    -1.0000     -1.000    -1.000000
  321.0801   -62.4670   331.7986   -41.2141     -1.000    -1.0000    -1.0000     -1.000    -1.000000
  321.1647   -62.4982   331.7408   -41.2388     -1.000    -1.0000    -1.0000     -1.000    -1.000000
  321.2493   -62.5294   331.6830   -41.2635     -1.000    -1.0000    -1.0000     -1.000    -1.000000
  321.3342   -62.5605   331.6252   -41.2882     -1.000    -1.0000    -1.0000     -1.000    -1.000000
  321.4193   -62.5916   331.5672   -41.3128     -1.000    -1.0000    -1.0000     -1.000    -1.000000
  321.5045   -62.6226   331.5093   -41.3374     -1.000    -1.0000    -1.0000     -1.000    -1.000000
  321.5899   -62.6536   331.4513   -41.3620     -1.000    -1.0000    -1.0000     -1.000    -1.000000
  321.6755   -62.6845   331.3932   -41.3866     -1.000    -1.0000    -1.0000     -1.000    -1.000000
  321.7612   -62.7154   331.3352   -41.4111     -1.000    -1.0000    -1.0000     -1.000    -1.000000
  321.8472   -62.7462   331.2770   -41.4356     -1.000    -1.0000    -1.0000     -1.000    -1.000000
  321.9333   -62.7770   331.2189   -41.4601     -1.000    -1.0000    -1.0000     -1.000    -1.000000
  322.0196   -62.8077   331.1606   -41.4845     -1.000    -1.0000    -1.0000     -1.000    -1.000000
  322.1060   -62.8383   331.1024   -41.5089     -1.000    -1.0000    -1.0000     -1.000    -1.000000
  322.1927   -62.8689   331.0441   -41.5333     -1.000    -1.0000    -1.0000     -1.000    -1.000000
  322.2795   -62.8995   330.9857   -41.5577     -1.000    -1.0000    -1.0000     -1.000    -1.000000
  322.3666   -62.9300   330.9273   -41.5820     -1.000    -1.0000    -1.0000     -1.000    -1.000000
  322.4538   -62.9604   330.8689   -41.6063     -1.000    -1.0000    -1.0000     -1.000    -1.000000
  322.5411   -62.9908   330.8104   -41.6305     -1.000    -1.0000    -1.0000     -1.000    -1.000000
  322.6287   -63.0212   330.7519   -41.6548     -1.000    -1.0000    -1.0000     -1.000    -1.000000
  322.7164   -63.0515   330.6933   -41.6790     -1.000    -1.0000    -1.0000     -1.000    -1.000000
  322.8044   -63.0817   330.6347   -41.7031     -1.000    -1.0000    -1.0000     -1.000    -1.000000
  322.8925   -63.1119   330.5761   -41.7273     -1.000    -1.0000    -1.0000     -1.000    -1.000000
  322.9808   -63.1420   330.5174   -41.7514     -1.000    -1.0000    -1.0000     -1.000    -1.000000
  323.0693   -63.1720   330.4586   -41.7755     -1.000    -1.0000    -1.0000     -1.000    -1.000000
  323.1579   -63.2021   330.3998   -41.7995     -1.000    -1.0000    -1.0000     -1.000    -1.000000
  323.2468   -63.2320   330.3410   -41.8235     -1.000    -1.0000    -1.0000     -1.000    -1.000000
  323.3358   -63.2619   330.2821   -41.8475     -1.000    -1.0000    -1.0000     -1.000    -1.000000
  323.4250   -63.2917   330.2232   -41.8715     -1.000    -1.0000    -1.0000     -1.000    -1.000000
  323.5144   -63.3215   330.1642   -41.8954     -1.000    -1.0000    -1.0000     -1.000    -1.000000
  323.6040   -63.3513   330.1052   -41.9193     -1.000    -1.0000    -1.0000     -1.000    -1.000000
  323.6938   -63.3809   330.0462   -41.9432     -1.000    -1.0000    -1.0000     -1.000    -1.000000
  323.7837   -63.4106   329.9871   -41.9670     -1.000    -1.0000    -1.0000     -1.000    -1.000000
  323.8738   -63.4401   329.9279   -41.9909     -1.000    -1.0000    -1.0000     -1.000    -1.000000
  323.9642   -63.4696   329.8687   -42.0146     -1.000    -1.0000    -1.0000     -1.000    -1.000000
  324.0547   -63.4991   329.8095   -42.0384     -1.000    -1.0000    -1.0000     -1.000    -1.000000
  324.1454   -63.5285   329.7502   -42.0621     -1.000    -1.0000    -1.0000     -1.000    -1.000000
  324.2363   -63.5578   329.6909   -42.0858     -1.000    -1.0000    -1.0000     -1.000    -1.000000
  324.3273   -63.5871   329.6315   -42.1095     -1.000    -1.0000    -1.0000     -1.000    -1.000000
  324.4186   -63.6163   329.5721   -42.1331     -1.000    -1.0000    -1.0000     -1.000    -1.000000
  324.5100   -63.6454   329.5127   -42.1567     -1.000    -1.0000    -1.0000     -1.000    -1.000000
  324.6017   -63.6745   329.4532   -42.1803     -1.000    -1.0000    -1.0000     -1.000    -1.000000
  324.6935   -63.7036   329.3936   -42.2038     -1.000    -1.0000    -1.0000     -1.000    -1.000000
  324.7855   -63.7326   329.3341   -42.2273     -1.000    -1.0000    -1.0000     -1.000    -1.000000
  324.8777   -63.7615   329.2744   -42.2508     -1.000    -1.0000    -1.0000     -1.000    -1.000000
  324.9701   -63.7904   329.2147   -42.2742     -1.000    -1.0000    -1.0000     -1.000    -1.000000
  325.0627   -63.8192   329.1550   -42.2976     -1.000    -1.0000    -1.0000     -1.000    -1.000000
  325.1555   -63.8479   329.0953   -42.3210     -1.000    -1.0000    -1.0000     -1.000    -1.000000
  325.2484   -63.8766   329.0355   -42.3444     -1.000    -1.0000    -1.0000     -1.000    -1.000000
  325.3416   -63.9052   328.9756   -42.3677     -1.000    -1.0000    -1.0000     -1.000    -1.000000
  325.4349   -63.9338   328.9157   -42.3910     -1.000    -1.0000    -1.0000     -1.000    -1.000000
  325.5284   -63.9623   328.8558   -42.4142     -1.000    -1.0000    -1.0000     -1.000    -1.000000
  325.6221   -63.9908   328.7958   -42.4374     -1.000    -1.0000    -1.0000     -1.000    -1.000000
  325.7161   -64.0192   328.7358   -42.4606     -1.000    -1.0000    -1.0000     -1.000    -1.000000
  325.8102   -64.0475   328.6757   -42.4838     -1.000    -1.0000    -1.0000     -1.000    -1.000000
  325.9044   -64.0758   328.6156   -42.5069     -1.000    -1.0000    -1.0000     -1.000    -1.000000
  325.9989   -64.1040   328.5554   -42.5300     -1.000    -1.0000    -1.0000     -1.000    -1.000000
  326.0936   -64.1321   328.4952   -42.5531     -1.000    -1.0000    -1.0000     -1.000    -1.000000
  326.1885   -64.1602   328.4349   -42.5761     -1.000    -1.0000    -1.0000     -1.000    -1.000000
  326.2835   -64.1882   328.3746   -42.5992     -1.000    -1.0000    -1.0000     -1.000    -1.000000
  326.3788   -64.2162   328.3143   -42.6221     -1.000    -1.0000    -1.0000     -1.000    -1.000000
  326.4742   -64.2441   328.2539   -42.6451     -1.000    -1.0000    -1.0000     -1.000    -1.000000
  326.5699   -64.2719   328.1935   -42.6680     -1.000    -1.0000    -1.0000     -1.000    -1.000000
  326.6657   -64.2997   328.1330   -42.6909     -1.000    -1.0000    -1.0000     -1.000    -1.000000
  326.7617   -64.3274   328.0725   -42.7137     -1.000    -1.0000    -1.0000     -1.000    -1.000000
  326.8579   -64.3550   328.0119   -42.7365     -1.000    -1.0000    -1.0000     -1.000    -1.000000
  326.9543   -64.3826   327.9513   -42.7593     -1.000    -1.0000    -1.0000     -1.000    -1.000000
  327.0509   -64.4101   327.8907   -42.7821     -1.000    -1.0000    -1.0000     -1.000    -1.000000
  327.1477   -64.4376   327.8300   -42.8048     -1.000    -1.0000    -1.0000     -1.000    -1.000000
  327.2447   -64.4650   327.7692   -42.8275     -1.000    -1.0000    -1.0000     -1.000    -1.000000
  327.3419   -64.4923   327.7084   -42.8501     -1.000    -1.0000    -1.0000     -1.000    -1.000000
  327.4393   -64.5196   327.6476   -42.8727     -1.000    -1.0000    -1.0000     -1.000    -1.000000
  327.5368   -64.5468   327.5867   -42.8953     -1.000    -1.0000    -1.0000     -1.000    -1.000000
  327.6346   -64.5739   327.5258   -42.9179     -1.000    -1.0000    -1.0000     -1.000    -1.000000
  327.7326   -64.6010   327.4648   -42.9404     -1.000    -1.0000    -1.0000     -1.000    -1.000000
  327.8307   -64.6280   327.4038   -42.9629     -1.000    -1.0000    -1.0000     -1.000    -1.000000
  327.9291   -64.6549   327.3428   -42.9854     -1.000    -1.0000    -1.0000     -1.000    -1.000000
  328.0276   -64.6818   327.2817   -43.0078     -1.000    -1.0000    -1.0000     -1.000    -1.000000
  328.1264   -64.7086   327.2205   -43.0302     -1.000    -1.0000    -1.0000     -1.000    -1.000000
  328.2253   -64.7353   327.1594   -43.0526     -1.000    -1.0000    -1.0000     -1.000    -1.000000
  328.3244   -64.7620   327.0981   -43.0749     -1.000    -1.0000    -1.0000     -1.000    -1.000000
  328.4238   -64.7886   327.0368   -43.0972     -1.000    -1.0000    -1.0000     -1.000    -1.000000
  328.5233   -64.8152   326.9755   -43.1195     -1.000    -1.0000    -1.0000     -1.000    -1.000000
  328.6230   -64.8416   326.9142   -43.1417     -1.000    -1.0000    -1.0000     -1.000    -1.000000
  328.7229   -64.8681   326.8527   -43.1639     -1.000    -1.0000    -1.0000     -1.000    -1.000000
  328.8230   -64.8944   326.7913   -43.1861     -1.000    -1.0000    -1.0000     -1.000    -1.000000
  328.9233   -64.9207   326.7298   -43.2082     -1.000    -1.0000    -1.0000     -1.000    -1.000000
  329.0238   -64.9469   326.6682   -43.2303     -1.000    -1.0000    -1.0000     -1.000    -1.000000
  329.1245   -64.9730   326.6067   -43.2524     -1.000    -1.0000    -1.0000     -1.000    -1.000000
  329.2254   -64.9991   326.5450   -43.2744     -1.000    -1.0000    -1.0000     -1.000    -1.000000
  329.3265   -65.0251   326.4833   -43.2964     -1.000    -1.0000    -1.0000     -1.000    -1.000000
  329.4278   -65.0510   326.4216   -43.3184     -1.000    -1.0000    -1.0000     -1.000    -1.000000
  329.5293   -65.0769   326.3599   -43.3403     -1.000    -1.0000    -1.0000     -1.000    -1.000000
  329.6310   -65.1027   326.2980   -43.3622     -1.000    -1.0000    -1.0000     -1.000    -1.000000
  329.7329   -65.1284   326.2362   -43.3841     -1.000    -1.0000    -1.0000     -1.000    -1.000000
  329.8350   -65.1541   326.1743   -43.4059     -1.000    -1.0000    -1.0000     -1.000    -1.000000
  329.9373   -65.1797   326.1123   -43.4277     -1.000    -1.0000    -1.0000     -1.000    -1.000000
  330.0397   -65.2052   326.0503   -43.4495     -1.000    -1.0000    -1.0000     -1.000    -1.000000
  330.1424   -65.2307   325.9883   -43.4712     -1.000    -1.0000    -1.0000     -1.000    -1.000000
  330.2453   -65.2560   325.9262   -43.4929     -1.000    -1.0000    -1.0000     -1.000    -1.000000
  330.3483   -65.2813   325.8641   -43.5146     -1.000    -1.0000    -1.0000     -1.000    -1.000000
  330.4516   -65.3066   325.8019   -43.5362     -1.000    -1.0000    -1.0000     -1.000    -1.000000
  330.5551   -65.3318   325.7397   -43.5578     -1.000    -1.0000    -1.0000     -1.000    -1.000000
  330.6587   -65.3569   325.6775   -43.5794     -1.000    -1.0000    -1.0000     -1.000    -1.000000
  330.7626   -65.3819   325.6152   -43.6009     -1.000    -1.0000    -1.0000     -1.000    -1.000000
  330.8667   -65.4068   325.5528   -43.6224     -1.000    -1.0000    -1.0000     -1.000    -1.000000
  330.9709   -65.4317   325.4904   -43.6439     -1.000    -1.0000    -1.0000     -1.000    -1.000000
  331.0754   -65.4565   325.4280   -43.6653     -1.000    -1.0000    -1.0000     -1.000    -1.000000
  331.1800   -65.4813   325.3655   -43.6867     -1.000    -1.0000    -1.0000     -1.000    -1.000000
  331.2849   -65.5059   325.3030   -43.7081     -1.000    -1.0000    -1.0000     -1.000    -1.000000
  331.3899   -65.5305   325.2404   -43.7294     -1.000    -1.0000    -1.0000     -1.000    -1.000000
  331.4952   -65.5551   325.1778   -43.7507     -1.000    -1.0000    -1.0000     -1.000    -1.000000
  331.6006   -65.5795   325.1151   -43.7720     -1.000    -1.0000    -1.0000     -1.000    -1.000000
  331.7063   -65.6039   325.0524   -43.7932     -1.000    -1.0000    -1.0000     -1.000    -1.000000
  331.8121   -65.6282   324.9897   -43.8144     -1.000    -1.0000    -1.0000     -1.000    -1.000000
  331.9181   -65.6524   324.9269   -43.8355     -1.000    -1.0000    -1.0000     -1.000    -1.000000
  332.0244   -65.6766   324.8640   -43.8567     -1.000    -1.0000    -1.0000     -1.000    -1.000000
  332.1308   -65.7007   324.8012   -43.8778     -1.000    -1.0000    -1.0000     -1.000    -1.000000
  332.2374   -65.7247   324.7382   -43.8988     -1.000    -1.0000    -1.0000     -1.000    -1.000000
  332.3443   -65.7486   324.6753   -43.9198     -1.000    -1.0000    -1.0000     -1.000    -1.000000
  332.4513   -65.7724   324.6122   -43.9408     -1.000    -1.0000    -1.0000     -1.000    -1.000000
  332.5585   -65.7962   324.5492   -43.9618     -1.000    -1.0000    -1.0000     -1.000    -1.000000
  332.6660   -65.8199   324.4861   -43.9827     -1.000    -1.0000    -1.0000     -1.000    -1.000000
  332.7736   -65.8436   324.4229   -44.0036     -1.000    -1.0000    -1.0000     -1.000    -1.000000
  332.8814   -65.8671   324.3597   -44.0244     -1.000    -1.0000    -1.0000     -1.000    -1.000000
  332.9894   -65.8906   324.2965   -44.0452     -1.000    -1.0000    -1.0000     -1.000    -1.000000
  333.0976   -65.9140   324.2332   -44.0660     -1.000    -1.0000    -1.0000     -1.000    -1.000000
  333.2060   -65.9373   324.1699   -44.0867     -1.000    -1.0000    -1.0000     -1.000    -1.000000
  333.3147   -65.9606   324.1065   -44.1074     -1.000    -1.0000    -1.0000     -1.000    -1.000000
  333.4235   -65.9838   324.0431   -44.1281     -1.000    -1.0000    -1.0000     -1.000    -1.000000
