#   RA_deg    DEC_deg      l_deg      b_deg   Rhel_kpc    phi_deg  theta_deg   Rgal_kpc parallax_mas
  335.5000   -32.9900    13.3964   -57.3120     66.700    17.4552   -63.6352     62.653     0.014993
  335.3600   -33.3800    12.6776   -57.1911     65.900    16.5703   -63.6141     61.829     0.015175
  335.2300   -33.7600    11.9812   -57.0757     65.000    15.7183   -63.6099     60.908     0.015385
  335.0900   -34.1500    11.2711   -56.9488     64.100    14.8418   -63.5961     59.985     0.015601
  334.9500   -34.5300    10.5837   -56.8194     63.200    13.9896   -63.5811     59.063     0.015823
  334.8100   -34.9100     9.9008   -56.6873     62.300    13.1377   -63.5654     58.142     0.016051
  334.6700   -35.3000     9.2042   -56.5519     61.300    12.2686   -63.5612     57.122     0.016313
  334.5300   -35.6800     8.5302   -56.4144     60.400    11.4166   -63.5448     56.202     0.016556
  334.3800   -36.0600     7.8618   -56.2663     59.400    10.5714   -63.5326     55.182     0.016835
  334.2300   -36.4400     7.1981   -56.1158     58.400     9.7259   -63.5215     54.163     0.017123
  334.0900   -36.8300     6.5200   -55.9700     57.400     8.8543   -63.5196     53.146     0.017422
  333.9400   -37.2100     5.8657   -55.8147     56.400     8.0069   -63.5111     52.128     0.017730
  333.7800   -37.5900     5.2176   -55.6492     55.400     7.1598   -63.4960     51.110     0.018051
  333.6300   -37.9700     4.5728   -55.4894     54.400     6.3097   -63.4915     50.093     0.018382
  333.4700   -38.3500     3.9343   -55.3197     53.400     5.4594   -63.4812     49.076     0.018727
  333.3200   -38.7400     3.2815   -55.1544     52.400     4.5807   -63.4809     48.061     0.019084
  333.1600   -39.1200     2.6526   -54.9806     51.400     3.7255   -63.4767     47.046     0.019455
  332.9900   -39.5000     2.0304   -54.7972     50.500     2.8673   -63.4491     46.129     0.019802
  332.8300   -39.8800     1.4111   -54.6196     49.500     2.0059   -63.4520     45.116     0.020202
  332.6600   -40.2600     0.7985   -54.4326     48.600     1.1419   -63.4310     44.201     0.020576
  332.5000   -40.6400     0.1886   -54.2515     47.700     0.2714   -63.4215     43.287     0.020964
  332.3300   -41.0200   359.5855   -54.0612     46.900   359.4003   -63.3858     42.473     0.021322
  332.1500   -41.4000   358.9893   -53.8619     46.100   358.5296   -63.3446     41.658     0.021692
  331.9800   -41.7800   358.3955   -53.6686     45.300   357.6521   -63.3143     40.844     0.022075
  331.8000   -42.1500   357.8252   -53.4684     44.700   356.8050   -63.2330     40.228     0.022371
  331.6200   -42.5300   357.2428   -53.2650     44.000   355.9290   -63.1748     39.514     0.022727
  331.4400   -42.9100   356.6651   -53.0603     43.400   355.0555   -63.0931     38.899     0.023041
  331.2600   -43.2900   356.0918   -52.8544     42.900   354.1875   -62.9858     38.384     0.023310
  331.0700   -43.6700   355.5254   -52.6402     42.500   353.3322   -62.8437     37.966     0.023529
  330.8800   -44.0400   354.9795   -52.4271     42.100   352.5037   -62.7031     37.549     0.023753
  330.6900   -44.4200   354.4218   -52.2110     41.700   351.6543   -62.5586     37.132     0.023981
  330.4900   -44.7900   353.8869   -51.9892     41.400   350.8466   -62.3804     36.814     0.024155
  330.2900   -45.1700   353.3402   -51.7644     41.100   350.0204   -62.1976     36.496     0.024331
  330.0900   -45.5500   352.7978   -51.5388     40.900   349.2122   -61.9845     36.277     0.024450
  329.8900   -45.9200   352.2750   -51.3149     40.700   348.4336   -61.7726     36.058     0.024570
  329.6900   -46.3000   351.7406   -51.0880     40.500   347.6387   -61.5554     35.840     0.024691
  329.4800   -46.6700   351.2281   -50.8563     40.300   346.8778   -61.3325     35.622     0.024814
  329.2600   -47.0400   350.7222   -50.6176     40.100   346.1281   -61.1007     35.403     0.024938
  329.0500   -47.4200   350.2019   -50.3825     40.000   345.3753   -60.8416     35.284     0.025000
  328.8300   -47.7900   349.7033   -50.1432     39.900   344.6574   -60.5774     35.165     0.025063
  328.6100   -48.1600   349.2081   -49.9037     39.700   343.9275   -60.3409     34.948     0.025189
  328.3800   -48.5300   348.7190   -49.6576     39.600   343.2287   -60.0667     34.829     0.025253
  328.1600   -48.9100   348.2157   -49.4151     39.500   342.5109   -59.7942     34.711     0.025316
  327.9200   -49.2800   347.7361   -49.1627     39.300   341.8095   -59.5400     34.494     0.025445
  327.6900   -49.6500   347.2568   -48.9166     39.100   341.1081   -59.2916     34.278     0.025575
  327.4500   -50.0200   346.7834   -48.6645     39.000   340.4407   -59.0060     34.161     0.025641
  327.2100   -50.3900   346.3130   -48.4125     38.800   339.7551   -58.7490     33.946     0.025773
  326.9600   -50.7600   345.8482   -48.1548     38.600   339.0792   -58.4846     33.730     0.025907
  326.7100   -51.1300   345.3862   -47.8974     38.400   338.4078   -58.2197     33.516     0.026042
  326.4500   -51.4900   344.9438   -47.6374     38.200   337.7656   -57.9521     33.301     0.026178
  326.1900   -51.8600   344.4898   -47.3750     38.000   337.1074   -57.6798     33.086     0.026316
  325.9300   -52.2300   344.0383   -47.1132     37.800   336.4530   -57.4071     32.873     0.026455
  325.6600   -52.6000   343.5920   -46.8462     37.600   335.8073   -57.1278     32.659     0.026596
  325.3900   -52.9600   343.1619   -46.5830     37.300   335.1535   -56.8836     32.348     0.026810
  325.1100   -53.3300   342.7227   -46.3118     37.100   334.5185   -56.5979     32.135     0.026954
  324.8300   -53.6900   342.2994   -46.0446     36.800   333.8727   -56.3480     31.825     0.027174
  324.5500   -54.0500   341.8780   -45.7783     36.600   333.2616   -56.0674     31.613     0.027322
  324.2600   -54.4200   341.4475   -45.5044     36.300   332.6041   -55.8075     31.304     0.027548
  323.9600   -54.7800   341.0349   -45.2291     36.100   332.0065   -55.5154     31.092     0.027701
  323.6600   -55.1400   340.6239   -44.9551     35.800   331.3739   -55.2556     30.783     0.027933
  323.3500   -55.5000   340.2170   -44.6769     35.500   330.7458   -54.9907     30.474     0.028169
  323.0400   -55.8600   339.8115   -44.4001     35.300   330.1566   -54.6945     30.264     0.028329
  322.7200   -56.2200   339.4098   -44.1194     35.000   329.5331   -54.4257     29.956     0.028571
  322.4000   -56.5800   339.0093   -43.8403     34.700   328.9086   -54.1580     29.650     0.028818
  322.0600   -56.9400   338.6148   -43.5523     34.400   328.2920   -53.8802     29.342     0.029070
  321.7300   -57.3000   338.2189   -43.2712     34.100   327.6693   -53.6094     29.036     0.029326
  321.3900   -57.6500   337.8394   -42.9897     33.800   327.0670   -53.3395     28.730     0.029586
  321.0400   -58.0100   337.4499   -42.7020     33.600   326.4962   -53.0265     28.523     0.029762
  320.6800   -58.3600   337.0763   -42.4143     33.300   325.8994   -52.7485     28.217     0.030030
  320.3200   -58.7200   336.6904   -42.1256     33.000   325.2825   -52.4671     27.913     0.030303
  319.9500   -59.0700   336.3200   -41.8371     32.700   324.6844   -52.1872     27.609     0.030581
  319.5700   -59.4200   335.9520   -41.5460     32.400   324.0871   -51.9040     27.305     0.030864
  319.1800   -59.7700   335.5864   -41.2523     32.100   323.4903   -51.6175     27.001     0.031153
  318.7900   -60.1200   335.2209   -40.9611     31.800   322.8896   -51.3330     26.699     0.031447
  318.3800   -60.4700   334.8594   -40.6629     31.500   322.2928   -51.0405     26.396     0.031746
  317.9700   -60.8200   334.4978   -40.3674     31.300   321.7498   -50.7140     26.192     0.031949
  317.5500   -61.1600   334.1505   -40.0729     31.000   321.1659   -50.4260     25.891     0.032258
  317.1200   -61.5100   333.7922   -39.7736     30.700   320.5640   -50.1302     25.590     0.032573
  316.6900   -61.8500   333.4460   -39.4802     30.400   319.9732   -49.8423     25.290     0.032895
  316.2400   -62.1900   333.1028   -39.1807     30.100   319.3841   -49.5471     24.990     0.033223
  315.7800   -62.5300   332.7606   -38.8799     29.900   318.8587   -49.2123     24.788     0.033445
  315.3100   -62.8700   332.4193   -38.5779     29.600   318.2658   -48.9127     24.489     0.033784
  314.8300   -63.2100   332.0788   -38.2749     29.300   317.6695   -48.6114     24.191     0.034130
  314.3400   -63.5400   331.7511   -37.9738     29.100   317.1573   -48.2755     23.990     0.034364
  313.8400   -63.8800   331.4116   -37.6694     28.800   316.5549   -47.9706     23.694     0.034722
  313.3300   -64.2100   331.0845   -37.3670     28.600   316.0391   -47.6310     23.494     0.034965
  312.8000   -64.5400   330.7590   -37.0600     28.300   315.4484   -47.3239     23.198     0.035336
  312.2600   -64.8700   330.4333   -36.7529     28.100   314.9307   -46.9768     22.999     0.035587
  311.7100   -65.1900   330.1194   -36.4483     27.900   314.4266   -46.6336     22.800     0.035842
  311.1400   -65.5200   329.7943   -36.1373     27.700   313.9067   -46.2795     22.603     0.036101
  310.5600   -65.8400   329.4806   -35.8290     27.400   313.3166   -45.9689     22.309     0.036496
  309.9700   -66.1600   329.1661   -35.5213     27.200   312.8045   -45.6184     22.112     0.036765
  309.3600   -66.4800   328.8518   -35.2103     27.000   312.2913   -45.2629     21.916     0.037037
  308.7300   -66.7900   328.5493   -34.8985     26.800   311.7922   -44.9076     21.719     0.037313
  308.0900   -67.1100   328.2336   -34.5856     26.700   311.3620   -44.5079     21.620     0.037453
  307.4400   -67.4200   327.9284   -34.2760     26.500   310.8550   -44.1523     21.425     0.037736
  306.7600   -67.7300   327.6233   -33.9604     26.300   310.3474   -43.7883     21.231     0.038023
  306.0700   -68.0300   327.3283   -33.6484     26.100   309.8497   -43.4294     21.037     0.038314
  305.3600   -68.3300   327.0320   -33.3344     26.000   309.4431   -43.0278     20.939     0.038462
  304.6300   -68.6300   326.7343   -33.0188     25.800   308.9390   -42.6616     20.746     0.038760
  303.8800   -68.9300   326.4349   -32.7018     25.700   308.5276   -42.2536     20.649     0.038911
  303.1100   -69.2200   326.1454   -32.3854     25.500   308.0307   -41.8857     20.457     0.039216
  302.3200   -69.5100   325.8537   -32.0680     25.400   307.6283   -41.4767     20.361     0.039370
  301.5100   -69.7900   325.5713   -31.7513     25.300   307.2376   -41.0698     20.265     0.039526
  300.6700   -70.0800   325.2752   -31.4295     25.100   306.7279   -40.6903     20.075     0.039841
  299.8200   -70.3500   324.9991   -31.1134     25.000   306.3436   -40.2833     19.980     0.040000
  298.9400   -70.6300   324.7087   -30.7928     24.900   305.9409   -39.8669     19.886     0.040161
  298.0400   -70.9000   324.4267   -30.4736     24.800   305.5484   -39.4532     19.792     0.040323
  297.1100   -71.1600   324.1530   -30.1524     24.700   305.1669   -39.0382     19.698     0.040486
  296.1600   -71.4200   323.8755   -29.8319     24.600   304.7795   -38.6223     19.606     0.040650
  295.1800   -71.6700   323.6058   -29.5097     24.500   304.4020   -38.2053     19.512     0.040816
  294.1700   -71.9200   323.3319   -29.1856     24.400   304.0190   -37.7842     19.420     0.040984
  293.1400   -72.1700   323.0535   -28.8630     24.300   303.6290   -37.3632     19.329     0.041152
  292.0800   -72.4100   322.7820   -28.5392     24.200   303.2474   -36.9416     19.238     0.041322
  290.9900   -72.6400   322.5168   -28.2142     24.100   302.8738   -36.5191     19.146     0.041494
  289.8800   -72.8700   322.2465   -27.8913     24.000   302.4921   -36.0973     19.056     0.041667
  288.7400   -73.0900   321.9821   -27.5673     23.900   302.1176   -35.6749     18.966     0.041841
  287.5600   -73.3000   321.7229   -27.2394     23.900   301.8622   -35.2152     18.970     0.041841
  286.3600   -73.5100   321.4579   -26.9140     23.800   301.4863   -34.7899     18.881     0.042017
  285.1300   -73.7100   321.1977   -26.5878     23.700   301.1161   -34.3638     18.793     0.042194
  283.8700   -73.9100   320.9308   -26.2617     23.600   300.7364   -33.9360     18.705     0.042373
  282.5800   -74.0900   320.6792   -25.9334     23.600   300.4904   -33.4771     18.711     0.042373
  281.2600   -74.2700   320.4203   -25.6055     23.500   300.1204   -33.0479     18.623     0.042553
  279.9100   -74.4400   320.1649   -25.2765     23.400   299.7541   -32.6175     18.536     0.042735
  278.5400   -74.6000   319.9130   -24.9490     23.400   299.5071   -32.1596     18.544     0.042735
  277.1400   -74.7600   319.6532   -24.6222     23.300   299.1338   -31.7303     18.458     0.042918
  275.7100   -74.9000   319.4064   -24.2918     23.200   298.7767   -31.2988     18.372     0.043103
  274.2500   -75.0400   319.1509   -23.9623     23.200   298.5250   -30.8379     18.381     0.043103
  272.7700   -75.1600   318.9083   -23.6308     23.100   298.1723   -30.4052     18.295     0.043290
  271.2600   -75.2800   318.6563   -23.3001     23.000   297.8066   -29.9712     18.211     0.043478
  269.7300   -75.3900   318.4059   -22.9698     23.000   297.5608   -29.5109     18.221     0.043478
  268.1900   -75.4800   318.1678   -22.6383     22.900   297.2116   -29.0782     18.137     0.043668
  266.6200   -75.5700   317.9195   -22.3075     22.900   296.9680   -28.6183     18.148     0.043668
  265.0300   -75.6400   317.6815   -21.9720     22.800   296.6183   -28.1803     18.064     0.043860
  263.4300   -75.7100   317.4347   -21.6417     22.700   296.2556   -27.7465     17.982     0.044053
  261.8200   -75.7600   317.1984   -21.3078     22.700   296.0266   -27.2860     17.993     0.044053
  260.2000   -75.8100   316.9529   -20.9787     22.600   295.6641   -26.8538     17.912     0.044248
  258.5600   -75.8400   316.7155   -20.6426     22.500   295.3117   -26.4141     17.831     0.044444
  256.9200   -75.8600   316.4789   -20.3079     22.500   295.0816   -25.9536     17.843     0.044444
  255.2800   -75.8700   316.2428   -19.9743     22.400   294.7289   -25.5171     17.763     0.044643
  253.6400   -75.8700   316.0068   -19.6411     22.300   294.3751   -25.0810     17.683     0.044843
  252.0000   -75.8600   315.7706   -19.3081     22.300   294.1444   -24.6236     17.697     0.044843
  250.3600   -75.8400   315.5339   -18.9747     22.200   293.7884   -24.1872     17.618     0.045045
  248.7300   -75.8000   315.3062   -18.6363     22.100   293.4428   -23.7458     17.538     0.045249
  247.1000   -75.7600   315.0688   -18.3028     22.100   293.2098   -23.2890     17.554     0.045249
  245.4900   -75.7000   314.8411   -17.9647     22.000   292.8628   -22.8483     17.475     0.045455
  243.8900   -75.6300   314.6130   -17.6262     21.900   292.5139   -22.4066     17.397     0.045662
  242.3100   -75.5600   314.3785   -17.2955     21.800   292.1549   -21.9736     17.321     0.045872
  240.7500   -75.4700   314.1525   -16.9583     21.800   291.9350   -21.5162     17.337     0.045872
  239.2000   -75.3700   313.9253   -16.6193     21.700   291.5844   -21.0744     17.260     0.046083
  237.6800   -75.2600   313.7004   -16.2816     21.600   291.2351   -20.6345     17.184     0.046296
  236.1700   -75.1500   313.4672   -15.9490     21.500   290.8738   -20.1997     17.110     0.046512
  234.7000   -75.0200   313.2451   -15.6109     21.500   290.6572   -19.7439     17.127     0.046512
  233.2400   -74.8800   313.0207   -15.2695     21.400   290.3060   -19.3000     17.052     0.046729
  231.8100   -74.7400   312.7923   -14.9358     21.300   289.9475   -18.8652     16.978     0.046948
  230.4100   -74.5900   312.5660   -14.6016     21.200   289.5902   -18.4301     16.905     0.047170
  229.0400   -74.4200   312.3475   -14.2580     21.100   289.2419   -17.9846     16.831     0.047393
  227.7000   -74.2500   312.1253   -13.9213     21.100   289.0234   -17.5339     16.850     0.047393
  226.3800   -74.0700   311.9026   -13.5816     21.000   288.6679   -17.0933     16.778     0.047619
  225.0900   -73.8900   311.6769   -13.2485     20.900   288.3065   -16.6608     16.706     0.047847
  223.8300   -73.6900   311.4582   -12.9045     20.800   287.9532   -16.2159     16.634     0.048077
  222.6000   -73.4900   311.2366   -12.5669     20.700   287.5942   -15.7787     16.563     0.048309
  221.4000   -73.2900   311.0127   -12.2354     20.700   287.3715   -15.3380     16.585     0.048309
  220.2300   -73.0700   310.7956   -11.8920     20.600   287.0165   -14.8953     16.514     0.048544
  219.0900   -72.8500   310.5765   -11.5544     20.500   286.6570   -14.4599     16.444     0.048780
  217.9700   -72.6200   310.3570   -11.2123     20.400   286.2960   -14.0191     16.375     0.049020
  216.8900   -72.3900   310.1389   -10.8768     20.300   285.9343   -13.5872     16.306     0.049261
  215.8300   -72.1500   309.9208   -10.5365     20.200   285.5715   -13.1496     16.237     0.049505
  214.7900   -71.9100   309.6990   -10.2004     20.200   285.3497   -12.7087     16.261     0.049505
  213.7900   -71.6600   309.4832    -9.8612     20.100   284.9875   -12.2741     16.193     0.049751
  212.8100   -71.4100   309.2644    -9.5261     20.000   284.6197   -11.8448     16.125     0.050000
  211.8500   -71.1500   309.0458    -9.1855     19.900   284.2511   -11.4092     16.059     0.050251
  210.9200   -70.8900   308.8277    -8.8498     19.800   283.8809   -10.9803     15.993     0.050505
  210.0200   -70.6200   308.6134    -8.5092     19.800   283.6663   -10.5397     16.017     0.050505
  209.1300   -70.3500   308.3937    -8.1715     19.700   283.2925   -10.1098     15.952     0.050761
  208.2700   -70.0700   308.1781    -7.8286     19.600   282.9218    -9.6745     15.886     0.051020
  207.4400   -69.7900   307.9642    -7.4901     19.500   282.5510    -9.2455     15.821     0.051282
  206.6200   -69.5100   307.7457    -7.1543     19.400   282.1732    -8.8201     15.757     0.051546
  205.8300   -69.2200   307.5319    -6.8129     19.300   281.7991    -8.3890     15.693     0.051813
  205.0500   -68.9300   307.3138    -6.4741     19.300   281.5780    -7.9571     15.720     0.051813
  204.3000   -68.6400   307.0989    -6.1393     19.200   281.2001    -7.5359     15.657     0.052083
  203.5600   -68.3400   306.8819    -5.7971     19.100   280.8187    -7.1064     15.594     0.052356
  202.8400   -68.0400   306.6650    -5.4581     19.000   280.4352    -6.6817     15.532     0.052632
  202.1400   -67.7400   306.4484    -5.1221     19.000   280.2141    -6.2584     15.560     0.052632
  201.4600   -67.4300   306.2339    -4.7791     18.900   279.8312    -5.8312     15.499     0.052910
  200.7900   -67.1300   306.0151    -4.4483     18.800   279.4412    -5.4197     15.438     0.053191
  200.1500   -66.8200   305.8025    -4.1109     18.700   279.0565    -5.0014     15.377     0.053476
  199.5100   -66.5000   305.5846    -3.7654     18.700   278.8328    -4.5719     15.406     0.053476
  198.8900   -66.1900   305.3672    -3.4324     18.600   278.4403    -4.1612     15.347     0.053763
  198.2900   -65.8700   305.1525    -3.0919     18.500   278.0492    -3.7427     15.287     0.054054
  197.7000   -65.5500   304.9358    -2.7536     18.400   277.6538    -3.3278     15.228     0.054348
  197.1200   -65.2300   304.7173    -2.4173     18.400   277.4277    -2.9154     15.258     0.054348
  196.5600   -64.9100   304.5013    -2.0834     18.300   277.0307    -2.5085     15.200     0.054645
  196.0100   -64.5800   304.2844    -1.7413     18.200   276.6309    -2.0931     15.142     0.054945
  195.4700   -64.2600   304.0657    -1.4112     18.200   276.4034    -1.6928     15.173     0.054945
  194.9500   -63.9300   303.8507    -1.0732     18.100   276.0032    -1.2851     15.116     0.055249
  194.4300   -63.6000   303.6303    -0.7368     18.000   275.5953    -0.8806     15.060     0.055556
  193.9300   -63.2700   303.4135    -0.4023     18.000   275.3687    -0.4798     15.091     0.055556
  193.4400   -62.9300   303.1962    -0.0594     17.900   274.9617    -0.0708     15.035     0.055866
  192.9600   -62.6000   302.9783     0.2717     17.800   274.5520     0.3229     14.979     0.056180
  192.4800   -62.2600   302.7554     0.6112     17.800   274.3179     0.7247     15.013     0.056180
  192.0200   -61.9300   302.5369     0.9392     17.700   273.9054     1.1114     14.957     0.056497
  191.5700   -61.5900   302.3184     1.2756     17.600   273.4906     1.5065     14.903     0.056818
  191.1300   -61.2500   302.0999     1.6106     17.600   273.2600     1.8980     14.936     0.056818
  190.6900   -60.9100   301.8768     1.9440     17.500   272.8383     2.2861     14.882     0.057143
  190.2700   -60.5600   301.6586     2.2861     17.500   272.6069     2.6825     14.916     0.057143
  189.8500   -60.2200   301.4362     2.6168     17.400   272.1837     3.0639     14.863     0.057471
  189.4400   -59.8800   301.2146     2.9461     17.300   271.7590     3.4421     14.810     0.057803
  189.0400   -59.5300   300.9931     3.2842     17.300   271.5233     3.8283     14.844     0.057803
  188.6400   -59.1800   300.7673     3.6208     17.200   271.0920     4.2111     14.792     0.058140
  188.2600   -58.8300   300.5476     3.9565     17.200   270.8573     4.5911     14.827     0.058140
  187.8800   -58.4900   300.3246     4.2809     17.100   270.4269     4.9561     14.775     0.058480
  187.5100   -58.1300   300.1012     4.6241     17.100   270.1874     5.3410     14.810     0.058480
  187.1400   -57.7800   299.8747     4.9559     17.000   269.7508     5.7106     14.759     0.058824
  186.7900   -57.4300   299.6550     5.2872     17.000   269.5148     6.0783     14.794     0.058824
  186.4400   -57.0800   299.4315     5.6171     16.900   269.0789     6.4421     14.743     0.059172
  186.0900   -56.7200   299.2033     5.9556     16.900   268.8332     6.8138     14.780     0.059172
  185.7600   -56.3700   298.9833     6.2839     16.800   268.3986     7.1720     14.729     0.059524
  185.4200   -56.0100   298.7531     6.6201     16.800   268.1503     7.5372     14.766     0.059524
  185.1000   -55.6600   298.5316     6.9463     16.800   267.9108     7.8900     14.801     0.059524
  184.7800   -55.3000   298.3055     7.2812     16.700   267.4671     8.2492     14.752     0.059880
  184.4700   -54.9400   298.0815     7.6154     16.700   267.2237     8.6072     14.788     0.059880
  184.1600   -54.5800   297.8541     7.9483     16.600   266.7766     8.9599     14.739     0.060241
  183.8600   -54.2200   297.6291     8.2807     16.600   266.5316     9.3120     14.775     0.060241
  183.5600   -53.8600   297.4007     8.6118     16.500   266.0814     9.6584     14.726     0.060606
  183.2700   -53.5000   297.1750     8.9424     16.500   265.8352    10.0048     14.763     0.060606
  182.9800   -53.1400   296.9461     9.2718     16.500   265.5855    10.3477     14.800     0.060606
  182.7000   -52.7700   296.7183     9.6108     16.400   265.1325    10.6965     14.752     0.060976
  182.4300   -52.4100   296.4951     9.9396     16.400   264.8876    11.0356     14.788     0.060976
  182.1600   -52.0400   296.2671    10.2770     16.400   264.6367    11.3821     14.826     0.060976
  181.8900   -51.6800   296.0378    10.6034     16.300   264.1810    11.7104     14.778     0.061350
  181.6300   -51.3100   295.8098    10.9395     16.300   263.9296    12.0517     14.815     0.061350
  181.3700   -50.9500   295.5807    11.2646     16.300   263.6777    12.3790     14.853     0.061350
  181.1200   -50.5800   295.3531    11.5995     16.300   263.4257    12.7155     14.890     0.061350
  180.8700   -50.2100   295.1225    11.9331     16.200   262.9653    13.0431     14.842     0.061728
  180.6300   -49.8400   294.8955    12.2669     16.200   262.7132    13.3748     14.880     0.061728
  180.3900   -49.4700   294.6655    12.5995     16.200   262.4580    13.7031     14.917     0.061728
  180.1500   -49.1000   294.4328    12.9310     16.200   262.1998    14.0282     14.955     0.061728
  179.9200   -48.7300   294.2038    13.2626     16.100   261.7385    14.3452     14.908     0.062112
  179.7000   -48.3600   293.9787    13.5946     16.100   261.4866    14.6681     14.945     0.062112
  179.4800   -47.9900   293.7509    13.9254     16.100   261.2318    14.9879     14.982     0.062112
  179.2600   -47.6100   293.5182    14.2650     16.100   260.9708    15.3146     15.020     0.062112
  179.0400   -47.2400   293.2850    14.5937     16.100   260.7104    15.6280     15.058     0.062112
  178.8300   -46.8600   293.0536    14.9326     16.100   260.4497    15.9509     15.096     0.062112
  178.6200   -46.4900   292.8220    15.2606     16.000   259.9834    16.2510     15.049     0.062500
  178.4200   -46.1100   292.5923    15.5990     16.000   259.7235    16.5698     15.087     0.062500
  178.2200   -45.7400   292.3624    15.9266     16.000   259.4646    16.8758     15.124     0.062500
  178.0300   -45.3600   292.1347    16.2645     16.000   259.2053    17.1914     15.161     0.062500
  177.8300   -44.9800   291.8972    16.5998     16.000   258.9373    17.5010     15.200     0.062500
  177.6400   -44.6100   291.6669    16.9260     16.000   258.6767    17.8009     15.237     0.062500
  177.4600   -44.2300   291.4388    17.2628     16.000   258.4156    18.1104     15.275     0.062500
  177.2800   -43.8500   291.2082    17.5986     16.000   258.1520    18.4170     15.312     0.062500
  177.1000   -43.4700   290.9752    17.9334     16.000   257.8859    18.7207     15.350     0.062500
  176.9200   -43.0900   290.7396    18.2672     16.000   257.6173    19.0214     15.388     0.062500
  176.7500   -42.7100   290.5091    18.6020     16.000   257.3523    19.3224     15.425     0.062500
  176.5800   -42.3300   290.2762    18.9359     16.000   257.0849    19.6205     15.463     0.062500
  176.4200   -41.9500   290.0485    19.2708     16.000   256.8212    19.9192     15.499     0.062500
  176.2600   -41.5600   289.8155    19.6145     16.000   256.5507    20.2243     15.537     0.062500
  176.1000   -41.1800   289.5831    19.9476     16.000   256.2822    20.5173     15.574     0.062500
  175.9400   -40.8000   289.3483    20.2798     16.000   256.0114    20.8075     15.612     0.062500
  175.7900   -40.4100   289.1160    20.6229     16.000   255.7398    21.1077     15.649     0.062500
  175.6400   -40.0300   288.8843    20.9555     16.000   255.4705    21.3960     15.686     0.062500
  175.4900   -39.6400   288.6473    21.2968     16.000   255.1941    21.6905     15.723     0.062500
  175.3500   -39.2600   288.4190    21.6299     16.000   254.9265    21.9771     15.759     0.062500
  175.2100   -38.8700   288.1854    21.9717     16.000   254.6517    22.2699     15.796     0.062500
  175.0700   -38.4800   287.9494    22.3127     16.100   254.5741    22.5797     15.919     0.062112
  174.9300   -38.1000   287.7143    22.6433     16.100   254.2993    22.8588     15.956     0.062112
  174.8000   -37.7100   287.4819    22.9849     16.100   254.0236    23.1480     15.993     0.062112
  174.6700   -37.3200   287.2472    23.3258     16.100   253.7456    23.4346     16.029     0.062112
  174.5400   -36.9300   287.0103    23.6658     16.100   253.4654    23.7185     16.066     0.062112
  174.4200   -36.5400   286.7794    24.0075     16.100   253.1892    24.0040     16.102     0.062112
  174.2900   -36.1600   286.5413    24.3364     16.100   252.9096    24.2741     16.139     0.062112
  174.1700   -35.7700   286.3060    24.6765     16.200   252.8243    24.5774     16.261     0.061728
  174.0500   -35.3800   286.0684    25.0159     16.200   252.5411    24.8557     16.298     0.061728
  173.9300   -34.9900   285.8286    25.3544     16.200   252.2557    25.1315     16.334     0.061728
  173.8100   -34.6000   285.5865    25.6922     16.200   251.9682    25.4047     16.371     0.061728
  173.7000   -34.2100   285.3507    26.0318     16.200   251.6848    25.6797     16.407     0.061728
  173.5800   -33.8200   285.1040    26.3679     16.300   251.5845    25.9731     16.530     0.061350
  173.4700   -33.4300   284.8638    26.7060     16.300   251.2965    26.2437     16.566     0.061350
  173.3500   -33.0400   284.6124    27.0405     16.300   250.9998    26.5072     16.603     0.061350
  173.2400   -32.6500   284.3675    27.3770     16.300   250.7074    26.7728     16.640     0.061350
  173.1200   -32.2600   284.1114    27.7098     16.300   250.4063    27.0312     16.677     0.061350
  173.0100   -31.8700   283.8618    28.0446     16.400   250.2978    27.3194     16.801     0.060976
  172.9000   -31.4800   283.6099    28.3787     16.400   249.9986    27.5780     16.837     0.060976
  172.7900   -31.0900   283.3555    28.7119     16.400   249.6973    27.8342     16.874     0.060976
  172.6700   -30.7000   283.0896    29.0412     16.400   249.3874    28.0829     16.912     0.060976
  172.5600   -30.3100   282.8304    29.3727     16.500   249.2668    28.3634     17.036     0.060606
  172.4500   -29.9200   282.5687    29.7033     16.500   248.9588    28.6125     17.073     0.060606
  172.3300   -29.5300   282.2951    30.0299     16.500   248.6421    28.8542     17.111     0.060606
  172.2200   -29.1400   282.0283    30.3588     16.500   248.3299    29.0982     17.148     0.060606
  172.1000   -28.7500   281.7495    30.6835     16.600   248.1909    29.3659     17.274     0.060241
  171.9900   -28.3600   281.4775    31.0105     16.600   247.8741    29.6055     17.311     0.060241
  171.8700   -27.9800   281.1977    31.3240     16.600   247.5551    29.8298     17.349     0.060241
  171.7500   -27.5900   280.9109    31.6457     16.600   247.2278    30.0591     17.388     0.060241
  171.6300   -27.2000   280.6213    31.9665     16.700   247.0770    30.3188     17.514     0.059880
  171.5100   -26.8200   280.3334    32.2769     16.700   246.7517    30.5361     17.552     0.059880
  171.3900   -26.4300   280.0382    32.5956     16.700   246.4180    30.7581     17.591     0.059880
  171.2700   -26.0500   279.7448    32.9040     16.700   246.0890    30.9703     17.629     0.059880
  171.1400   -25.6600   279.4341    33.2169     16.700   245.7449    31.1818     17.669     0.059880
  171.0200   -25.2800   279.1350    33.5231     16.800   245.5868    31.4242     17.796     0.059524
  170.8900   -24.9000   278.8231    33.8246     16.800   245.2453    31.6238     17.835     0.059524
  170.7600   -24.5100   278.5034    34.1340     16.800   244.8951    31.8279     17.876     0.059524
  170.6300   -24.1300   278.1855    34.4331     16.800   244.5500    32.0222     17.915     0.059524
  170.5000   -23.7500   277.8646    34.7310     16.900   244.3742    32.2511     18.043     0.059172
  170.3600   -23.3700   277.5304    35.0238     16.900   244.0187    32.4351     18.084     0.059172
  170.2300   -22.9900   277.2034    35.3191     16.900   243.6680    32.6222     18.124     0.059172
  170.0900   -22.6000   276.8578    35.6183     16.900   243.3020    32.8077     18.165     0.059172
  169.9500   -22.2200   276.5141    35.9070     16.900   242.9416    32.9837     18.206     0.059172
  169.8100   -21.8400   276.1671    36.1944     17.000   242.7463    33.1964     18.336     0.058824
  169.6700   -21.4700   275.8224    36.4713     17.000   242.3893    33.3610     18.376     0.058824
  169.5300   -21.0900   275.4690    36.7558     17.000   242.0236    33.5296     18.417     0.058824
  169.3900   -20.7100   275.1122    37.0389     17.000   241.6564    33.6955     18.458     0.058824
  169.2500   -20.3300   274.7522    37.3205     17.000   241.2876    33.8588     18.499     0.058824
  169.1000   -19.9500   274.3782    37.5963     17.000   240.9113    34.0134     18.541     0.058824
  168.9600   -19.5700   274.0113    37.8749     17.100   240.7012    34.2136     18.671     0.058480
  168.8100   -19.2000   273.6363    38.1387     17.100   240.3290    34.3571     18.713     0.058480
  168.6700   -18.8200   273.2626    38.4141     17.100   239.9539    34.5103     18.754     0.058480
  168.5200   -18.4400   272.8747    38.6835     17.100   239.5715    34.6547     18.796     0.058480
  168.3700   -18.0600   272.4833    38.9512     17.100   239.1877    34.7965     18.838     0.058480
  168.2200   -17.6900   272.0944    39.2085     17.200   238.9673    34.9738     18.969     0.058140
  168.0700   -17.3100   271.6959    39.4728     17.200   238.5804    35.1108     19.011     0.058140
  167.9200   -16.9400   271.3000    39.7266     17.200   238.2002    35.2391     19.052     0.058140
  167.7700   -16.5600   270.8942    39.9874     17.200   237.8110    35.3707     19.094     0.058140
  167.6100   -16.1800   270.4739    40.2416     17.200   237.4149    35.4934     19.138     0.058140
  167.4600   -15.8100   270.0673    40.4900     17.300   237.1832    35.6603     19.269     0.057803
  167.3100   -15.4300   269.6505    40.7453     17.300   236.7900    35.7846     19.311     0.057803
  167.1500   -15.0600   269.2258    40.9852     17.300   236.3981    35.8940     19.353     0.057803
  167.0000   -14.6800   268.8015    41.2367     17.300   236.0030    36.0131     19.395     0.057803
  166.8400   -14.3100   268.3694    41.4727     17.400   235.7567    36.1652     19.527     0.057471
  166.6900   -13.9300   267.9377    41.7204     17.400   235.3589    36.2796     19.569     0.057471
  166.5300   -13.5600   267.4982    41.9524     17.400   234.9628    36.3792     19.612     0.057471
  166.3800   -13.1800   267.0589    42.1961     17.400   234.5632    36.4884     19.653     0.057471
  166.2200   -12.8100   266.6120    42.4240     17.500   234.3085    36.6322     19.786     0.057143
  166.0600   -12.4400   266.1614    42.6499     17.500   233.9094    36.7247     19.828     0.057143
  165.9100   -12.0600   265.7107    42.8874     17.500   233.5066    36.8267     19.870     0.057143
  165.7500   -11.6900   265.2525    43.1091     17.600   233.2454    36.9643     20.002     0.056818
  165.5900   -11.3100   264.7830    43.3369     17.600   232.8350    37.0549     20.045     0.056818
  165.4400   -10.9400   264.3285    43.5598     17.600   232.4379    37.1447     20.086     0.056818
  165.2800   -10.5700   263.8590    43.7750     17.700   232.1704    37.2760     20.218     0.056497
  165.1200   -10.1900   263.3779    43.9962     17.700   231.7573    37.3596     20.261     0.056497
  164.9600    -9.8200   262.9009    44.2069     17.700   231.3524    37.4356     20.303     0.056497
  164.8000    -9.4400   262.4119    44.4234     17.800   231.0703    37.5657     20.436     0.056180
  164.6500    -9.0700   261.9385    44.6353     17.800   230.6687    37.6442     20.476     0.056180
  164.4900    -8.7000   261.4501    44.8392     17.900   230.3908    37.7652     20.609     0.055866
  164.3300    -8.3200   260.9495    45.0487     17.900   229.9736    37.8372     20.651     0.055866
  164.1700    -7.9500   260.4536    45.2478     18.000   229.6912    37.9541     20.784     0.055556
  164.0100    -7.5700   259.9452    45.4524     18.000   229.2724    38.0216     20.826     0.055556
  163.8600    -7.2000   259.4528    45.6528     18.100   228.9908    38.1413     20.958     0.055249
  163.7000    -6.8300   258.9455    45.8447     18.100   228.5794    38.1998     20.999     0.055249
  163.5400    -6.4500   258.4255    46.0419     18.200   228.2797    38.3131     21.132     0.054945
  163.3800    -6.0800   257.9107    46.2288     18.300   227.9861    38.4196     21.265     0.054645
  163.2300    -5.7000   257.3941    46.4273     18.300   227.5680    38.4834     21.306     0.054645
  163.0700    -5.3300   256.8718    46.6092     18.400   227.2705    38.5858     21.439     0.054348
  162.9100    -4.9600   256.3458    46.7886     18.500   226.9702    38.6862     21.572     0.054054
  162.7600    -4.5800   255.8176    46.9795     18.500   226.5496    38.7437     21.612     0.054054
  162.6000    -4.2100   255.2842    47.1537     18.600   226.2456    38.8400     21.745     0.053763
  162.4400    -3.8300   254.7374    47.3327     18.700   225.9296    38.9385     21.878     0.053476
  162.2900    -3.4600   254.2077    47.5083     18.700   225.5162    38.9856     21.918     0.053476
  162.1300    -3.0800   253.6533    47.6820     18.800   225.1966    39.0800     22.051     0.053191
  161.9800    -2.7100   253.1162    47.8523     18.900   224.8883    39.1753     22.183     0.052910
  161.8200    -2.3400   252.5647    48.0132     19.000   224.5730    39.2613     22.316     0.052632
  161.6700    -1.9600   252.0101    48.1855     19.100   224.2502    39.3565     22.448     0.052356
  161.5200    -1.5900   251.4622    48.3479     19.200   223.9344    39.4457     22.580     0.052083
  161.3700    -1.2100   250.9002    48.5148     19.300   223.6067    39.5367     22.712     0.051813
  161.2100    -0.8400   250.3345    48.6647     19.400   223.2818    39.6144     22.845     0.051546
  161.0600    -0.4600   249.7653    48.8260     19.500   222.9492    39.7012     22.978     0.051282
  160.9100    -0.0800   249.1924    48.9844     19.600   222.6144    39.7860     23.110     0.051020
  160.7600     0.2900   248.6269    49.1330     19.700   222.2869    39.8649     23.242     0.050761
  160.6100     0.6700   248.0469    49.2858     19.800   221.9475    39.9455     23.375     0.050505
  160.4600     1.0400   247.4746    49.4288     19.900   221.6156    40.0203     23.506     0.050251
  160.3200     1.4200   246.8981    49.5832     20.000   221.2759    40.1042     23.638     0.050000
  160.1700     1.8000   246.3076    49.7273     20.100   220.9300    40.1787     23.770     0.049751
  160.0200     2.1700   245.7253    49.8618     20.200   220.5918    40.2475     23.902     0.049505
  159.8800     2.5500   245.1384    50.0075     20.300   220.2457    40.3253     24.033     0.049261
  159.7300     2.9200   244.5497    50.1362     20.500   219.9865    40.4390     24.259     0.048780
  159.5900     3.3000   243.9560    50.2761     20.600   219.6349    40.5125     24.390     0.048544
  159.4400     3.6800   243.3490    50.4054     20.700   219.2776    40.5765     24.522     0.048309
  159.3000     4.0600   242.7487    50.5393     20.800   218.9221    40.6461     24.653     0.048077
  159.1500     4.4300   242.1475    50.6563     21.000   218.6482    40.7504     24.880     0.047619
  159.0100     4.8100   241.5409    50.7842     21.100   218.2877    40.8158     25.011     0.047393
  158.8700     5.1900   240.9311    50.9092     21.200   217.9254    40.8791     25.142     0.047170
  158.7300     5.5600   240.3308    51.0250     21.400   217.6443    40.9840     25.367     0.046729
  158.5800     5.9400   239.7054    51.1360     21.500   217.2737    41.0356     25.499     0.046512
  158.4400     6.3200   239.0866    51.2518     21.600   216.9051    41.0928     25.630     0.046296
  158.3000     6.7000   238.4649    51.3645     21.800   216.6034    41.1938     25.856     0.045872
  158.1600     7.0700   237.8534    51.4682     21.900   216.2406    41.2439     25.986     0.045662
  158.0200     7.4500   237.2261    51.5748     22.100   215.9318    41.3401     26.212     0.045249
  157.8800     7.8300   236.5961    51.6782     22.200   215.5544    41.3890     26.342     0.045045
  157.7400     8.2100   235.9634    51.7784     22.400   215.2388    41.4804     26.568     0.044643
  157.6000     8.5900   235.3282    51.8755     22.500   214.8574    41.5252     26.699     0.044444
  157.4600     8.9600   234.7039    51.9640     22.700   214.5457    41.6091     26.924     0.044053
  157.3200     9.3400   234.0638    52.0548     22.800   214.1605    41.6499     27.055     0.043860
  157.1800     9.7200   233.4213    52.1424     23.000   213.8320    41.7318     27.281     0.043478
  157.0500    10.1000   232.7849    52.2351     23.200   213.5029    41.8188     27.506     0.043103
  156.9100    10.4800   232.1378    52.3163     23.300   213.1117    41.8534     27.636     0.042918
  156.7700    10.8600   231.4885    52.3943     23.500   212.7736    41.9281     27.862     0.042553
  156.6300    11.2300   230.8514    52.4640     23.700   212.4427    41.9976     28.088     0.042194
  156.4900    11.6100   230.1982    52.5356     23.800   212.0461    42.0262     28.218     0.042017
  156.3600    11.9900   229.5511    52.6124     24.000   211.7019    42.1014     28.442     0.041667
  156.2200    12.3700   228.8941    52.6775     24.200   211.3517    42.1664     28.668     0.041322
  156.0800    12.7500   228.2354    52.7394     24.400   210.9982    42.2288     28.894     0.040984
  155.9400    13.1300   227.5752    52.7980     24.500   210.5947    42.2493     29.024     0.040816
  155.8100    13.5100   226.9208    52.8619     24.700   210.2390    42.3150     29.249     0.040486
  155.6700    13.8800   226.2723    52.9095     24.900   209.8886    42.3682     29.474     0.040161
  155.5300    14.2600   225.6077    52.9584     25.100   209.5245    42.4212     29.700     0.039841
  155.3900    14.6400   224.9419    53.0040     25.300   209.1576    42.4718     29.926     0.039526
  155.2500    15.0200   224.2749    53.0464     25.500   208.7880    42.5200     30.151     0.039216
  155.1200    15.4000   223.6137    53.0942     25.700   208.4181    42.5735     30.376     0.038911
  154.9800    15.7800   222.9446    53.1300     25.900   208.0433    42.6169     30.601     0.038610
  154.8400    16.1600   222.2746    53.1626     26.100   207.6660    42.6579     30.827     0.038314
  154.7000    16.5300   221.6192    53.1880     26.200   207.2602    42.6586     30.955     0.038168
  154.5700    16.9100   220.9542    53.2230     26.400   206.8814    42.7030     31.179     0.037879
  154.4300    17.2900   220.2822    53.2459     26.600   206.4981    42.7374     31.404     0.037594
  154.2900    17.6700   219.6097    53.2656     26.800   206.1126    42.7694     31.629     0.037313
  154.1500    18.0500   218.9369    53.2821     27.100   205.7584    42.8337     31.952     0.036900
  154.0100    18.4300   218.2638    53.2954     27.300   205.3678    42.8607     32.177     0.036630
  153.8700    18.8100   217.5905    53.3054     27.500   204.9752    42.8855     32.402     0.036364
  153.7300    19.1900   216.9171    53.3123     27.700   204.5808    42.9080     32.626     0.036101
  153.5900    19.5600   216.2595    53.3126     27.900   204.1958    42.9267     32.850     0.035842
  153.4500    19.9400   215.5863    53.3132     28.100   203.7977    42.9448     33.075     0.035587
  153.3100    20.3200   214.9133    53.3107     28.300   203.3979    42.9606     33.299     0.035336
  153.1700    20.7000   214.2406    53.3050     28.500   202.9965    42.9743     33.524     0.035088
  153.0300    21.0800   213.5683    53.2962     28.800   202.6198    43.0173     33.845     0.034722
  152.8900    21.4600   212.8965    53.2843     29.000   202.2145    43.0263     34.069     0.034483
  152.7500    21.8300   212.2413    53.2664     29.200   201.8192    43.0317     34.293     0.034247
  152.6000    22.2100   211.5664    53.2395     29.400   201.4096    43.0288     34.518     0.034014
  152.4600    22.5900   210.8967    53.2184     29.600   201.0001    43.0313     34.741     0.033784
  152.3200    22.9700   210.2279    53.1944     29.900   200.6118    43.0616     35.062     0.033445
  152.1800    23.3500   209.5599    53.1673     30.100   200.1992    43.0597     35.286     0.033223
  152.0300    23.7300   208.8892    53.1283     30.300   199.7841    43.0480     35.510     0.033003
  151.8900    24.1000   208.2397    53.0929     30.600   199.4010    43.0696     35.830     0.032680
  151.7400    24.4800   207.5717    53.0482     30.800   198.9832    43.0536     36.054     0.032468
  151.5900    24.8600   206.9052    53.0005     31.000   198.5646    43.0357     36.278     0.032258
  151.4500    25.2400   206.2434    52.9589     31.300   198.1644    43.0510     36.598     0.031949
  151.3000    25.6200   205.5800    52.9055     31.500   197.7435    43.0288     36.821     0.031746
  151.1500    25.9900   204.9345    52.8473     31.800   197.3503    43.0307     37.142     0.031447
  151.0000    26.3700   204.2746    52.7885     32.000   196.9273    43.0044     37.365     0.031250
  150.8600    26.7500   203.6192    52.7356     32.200   196.5046    42.9837     37.587     0.031056
  150.7100    27.1300   202.9630    52.6712     32.500   196.0954    42.9796     37.908     0.030769
  150.5600    27.5000   202.3249    52.6025     32.700   195.6818    42.9466     38.129     0.030581
  150.4100    27.8800   201.6726    52.5328     33.000   195.2698    42.9378     38.450     0.030303
  150.2600    28.2600   201.0224    52.4605     33.200   194.8431    42.9017     38.672     0.030120
  150.1000    28.6400   200.3723    52.3770     33.500   194.4280    42.8809     38.992     0.029851
  149.9500    29.0100   199.7428    52.2982     33.700   194.0117    42.8404     39.214     0.029674
  149.8000    29.3900   199.0992    52.2183     34.000   193.5951    42.8226     39.533     0.029412
  149.6500    29.7700   198.4580    52.1359     34.200   193.1660    42.7789     39.754     0.029240
  149.5000    30.1500   197.8190    52.0511     34.500   192.7473    42.7568     40.073     0.028986
  149.3500    30.5200   197.1986    51.9628     34.700   192.3291    42.7090     40.294     0.028818
  149.1900    30.9000   196.5631    51.8646     35.000   191.9083    42.6754     40.613     0.028571
  149.0400    31.2800   195.9314    51.7727     35.200   191.4777    42.6244     40.833     0.028409
  148.8900    31.6600   195.3022    51.6784     35.500   191.0557    42.5940     41.152     0.028169
  148.7300    32.0400   194.6745    51.5734     35.800   190.6326    42.5541     41.471     0.027933
  148.5800    32.4200   194.0505    51.4747     36.000   190.2011    42.4977     41.690     0.027778
  148.4300    32.7900   193.4450    51.3730     36.300   189.7886    42.4609     42.007     0.027548
  148.2700    33.1700   192.8254    51.2616     36.500   189.3567    42.3941     42.227     0.027397
  148.1200    33.5500   192.2092    51.1563     36.800   188.9315    42.3536     42.544     0.027174
  147.9700    33.9300   191.5956    51.0490     37.100   188.5057    42.3110     42.861     0.026954
  147.8200    34.3100   190.9847    50.9396     37.300   188.0735    42.2463     43.079     0.026810
  147.6600    34.6900   190.3761    50.8199     37.600   187.6469    42.1930     43.396     0.026596
  147.5100    35.0700   189.7706    50.7064     37.900   187.2198    42.1447     43.712     0.026385
  147.3600    35.4500   189.1679    50.5910     38.100   186.7875    42.0751     43.930     0.026247
  147.2100    35.8300   188.5678    50.4736     38.400   186.3598    42.0232     44.245     0.026042
  147.0500    36.2100   187.9704    50.3463     38.700   185.9320    41.9625     44.561     0.025840
  146.9000    36.5900   187.3759    50.2252     38.900   185.5000    41.8883     44.778     0.025707
  146.7500    36.9800   186.7685    50.1021     39.200   185.0599    41.8308     45.093     0.025510
  146.6000    37.3600   186.1795    49.9773     39.500   184.6313    41.7716     45.407     0.025316
  146.4500    37.7400   185.5932    49.8508     39.700   184.1997    41.6929     45.623     0.025189
  146.3000    38.1200   185.0097    49.7225     40.000   183.7710    41.6305     45.937     0.025000
  146.1500    38.5100   184.4135    49.5921     40.300   183.3304    41.5659     46.251     0.024814
  146.0000    38.8900   183.8355    49.4604     40.600   182.9013    41.4999     46.564     0.024631
  145.8500    39.2800   183.2449    49.3266     40.800   182.4591    41.4149     46.778     0.024510
  145.7100    39.6600   182.6718    49.1993     41.100   182.0295    41.3524     47.090     0.024331
  145.5600    40.0500   182.0868    49.0621     41.400   181.5889    41.2811     47.403     0.024155
  145.4100    40.4300   181.5197    48.9239     41.700   181.1599    41.2086     47.715     0.023981
  145.2700    40.8200   180.9395    48.7911     41.900   180.7183    41.1245     47.928     0.023866
  145.1200    41.2100   180.3628    48.6491     42.200   180.2780    41.0483     48.239     0.023697
  144.9700    41.5900   179.8040    48.5064     42.500   179.8494    40.9712     48.551     0.023529
  144.8300    41.9800   179.2319    48.3688     42.700   179.4090    40.8830     48.762     0.023419
  144.6800    42.3700   178.6635    48.2223     43.000   178.9693    40.8022     49.073     0.023256
  144.5400    42.7600   178.0967    48.0817     43.300   178.5289    40.7263     49.383     0.023095
  144.3900    43.1500   177.5338    47.9323     43.600   178.0896    40.6424     49.693     0.022936
  144.2500    43.5400   176.9725    47.7887     43.900   177.6496    40.5633     50.002     0.022779
  144.1000    43.9300   176.4150    47.6366     44.100   177.2121    40.4622     50.212     0.022676
  143.9600    44.3200   175.8589    47.4902     44.400   176.7728    40.3802     50.520     0.022523
  143.8100    44.7100   175.3068    47.3354     44.700   176.3347    40.2906     50.829     0.022371
  143.6600    45.1000   174.7574    47.1794     45.000   175.8968    40.1996     51.138     0.022222
  143.5200    45.4900   174.2093    47.0292     45.200   175.4605    40.0999     51.346     0.022124
  143.3700    45.8800   173.6651    46.8707     45.500   175.0234    40.0063     51.653     0.021978
  143.2200    46.2700   173.1236    46.7111     45.800   174.5868    39.9113     51.961     0.021834
  143.0700    46.6600   172.5847    46.5504     46.100   174.1505    39.8151     52.268     0.021692
  142.9200    47.0500   172.0484    46.3886     46.300   173.7174    39.7049     52.475     0.021598
  142.7700    47.4500   171.5003    46.2242     46.600   173.2707    39.6050     52.781     0.021459
  142.6200    47.8400   170.9692    46.0603     46.900   172.8358    39.5052     53.087     0.021322
  142.4700    48.2300   170.4405    45.8954     47.200   172.4013    39.4041     53.393     0.021186
  142.3100    48.6200   169.9160    45.7230     47.400   171.9719    39.2840     53.599     0.021097
  142.1600    49.0200   169.3783    45.5545     47.700   171.5271    39.1794     53.904     0.020964
  142.0000    49.4100   168.8588    45.3804     48.000   171.0953    39.0694     54.209     0.020833
  141.8400    49.8000   168.3418    45.2056     48.300   170.6640    38.9583     54.514     0.020704
  141.6800    50.2000   167.8133    45.0281     48.500   170.2260    38.8333     54.718     0.020619
  141.5200    50.5900   167.3011    44.8518     48.800   169.7958    38.7204     55.022     0.020492
