#   RA_deg    DEC_deg      l_deg      b_deg   Rhel_kpc    phi_deg  theta_deg   Rgal_kpc parallax_mas
   36.3418   -64.6168   287.6416   -49.6302     34.700   265.4927   -50.8996     34.067   0.028818
   36.3634   -64.5676   287.5880   -49.6662     34.700   265.4241   -50.9243     34.073   0.028818
   36.3850   -64.5185   287.5344   -49.7022     34.700   265.3554   -50.9490     34.079   0.028818
   36.4064   -64.4693   287.4807   -49.7382     34.700   265.2867   -50.9736     34.085   0.028818
   36.4278   -64.4202   287.4269   -49.7741     34.700   265.2179   -50.9982     34.092   0.028818
   36.4491   -64.3711   287.3730   -49.8100     34.700   265.1490   -51.0228     34.098   0.028818
   36.4703   -64.3219   287.3190   -49.8459     34.700   265.0801   -51.0473     34.104   0.028818
   36.4915   -64.2728   287.2650   -49.8818     34.700   265.0111   -51.0717     34.110   0.028818
   36.5126   -64.2236   287.2109   -49.9176     34.700   264.9421   -51.0961     34.117   0.028818
   36.5336   -64.1745   287.1567   -49.9535     34.700   264.8729   -51.1204     34.123   0.028818
   36.5545   -64.1253   287.1024   -49.9893     34.700   264.8038   -51.1447     34.129   0.028818
   36.5754   -64.0761   287.0480   -50.0250     34.700   264.7345   -51.1689     34.135   0.028818
   36.5961   -64.0270   286.9936   -50.0608     34.700   264.6652   -51.1931     34.142   0.028818
   36.6168   -63.9778   286.9391   -50.0965     34.700   264.5958   -51.2172     34.148   0.028818
   36.6375   -63.9286   286.8845   -50.1322     34.700   264.5264   -51.2413     34.154   0.028818
   36.6580   -63.8794   286.8298   -50.1678     34.700   264.4568   -51.2653     34.161   0.028818
   36.6785   -63.8303   286.7750   -50.2035     34.700   264.3873   -51.2893     34.167   0.028818
   36.6990   -63.7811   286.7202   -50.2391     34.700   264.3176   -51.3132     34.173   0.028818
   36.7193   -63.7319   286.6652   -50.2747     34.700   264.2479   -51.3371     34.179   0.028818
   36.7396   -63.6827   286.6102   -50.3103     34.700   264.1782   -51.3609     34.186   0.028818
   36.7598   -63.6335   286.5551   -50.3458     34.700   264.1083   -51.3847     34.192   0.028818
   36.7799   -63.5843   286.4999   -50.3813     34.700   264.0384   -51.4084     34.198   0.028818
   36.8000   -63.5351   286.4447   -50.4168     34.700   263.9685   -51.4321     34.204   0.028818
   36.8200   -63.4859   286.3893   -50.4522     34.700   263.8984   -51.4557     34.211   0.028818
   36.8399   -63.4367   286.3339   -50.4877     34.700   263.8284   -51.4793     34.217   0.028818
   36.8598   -63.3875   286.2784   -50.5231     34.700   263.7582   -51.5028     34.223   0.028818
   36.8796   -63.3383   286.2228   -50.5585     34.700   263.6880   -51.5263     34.229   0.028818
   36.8993   -63.2891   286.1671   -50.5938     34.700   263.6177   -51.5497     34.236   0.028818
   36.9190   -63.2399   286.1114   -50.6291     34.700   263.5473   -51.5731     34.242   0.028818
   36.9386   -63.1907   286.0555   -50.6644     34.700   263.4769   -51.5964     34.248   0.028818
   36.9581   -63.1415   285.9996   -50.6997     34.700   263.4065   -51.6196     34.254   0.028818
   36.9776   -63.0923   285.9436   -50.7349     34.700   263.3359   -51.6428     34.261   0.028818
   36.9970   -63.0430   285.8875   -50.7702     34.700   263.2653   -51.6660     34.267   0.028818
   37.0163   -62.9938   285.8313   -50.8054     34.700   263.1947   -51.6891     34.273   0.028818
   37.0356   -62.9446   285.7750   -50.8405     34.700   263.1239   -51.7122     34.279   0.028818
   37.0548   -62.8954   285.7187   -50.8757     34.700   263.0531   -51.7352     34.286   0.028818
   37.0739   -62.8461   285.6622   -50.9108     34.700   262.9823   -51.7581     34.292   0.028818
   37.0930   -62.7969   285.6057   -50.9458     34.700   262.9114   -51.7810     34.298   0.028818
   37.1120   -62.7477   285.5491   -50.9809     34.700   262.8404   -51.8039     34.304   0.028818
   37.1309   -62.6984   285.4924   -51.0159     34.700   262.7693   -51.8266     34.311   0.028818
   37.1498   -62.6492   285.4356   -51.0509     34.700   262.6982   -51.8494     34.317   0.028818
   37.1686   -62.5999   285.3788   -51.0859     34.700   262.6271   -51.8721     34.323   0.028818
   37.1874   -62.5507   285.3218   -51.1208     34.700   262.5558   -51.8947     34.329   0.028818
   37.2061   -62.5014   285.2648   -51.1558     34.700   262.4845   -51.9173     34.336   0.028818
   37.2247   -62.4522   285.2076   -51.1907     34.700   262.4132   -51.9398     34.342   0.028818
   37.2433   -62.4029   285.1504   -51.2255     34.700   262.3417   -51.9623     34.348   0.028818
   37.2618   -62.3537   285.0931   -51.2603     34.700   262.2702   -51.9847     34.354   0.028818
   37.2803   -62.3044   285.0357   -51.2952     34.700   262.1987   -52.0071     34.361   0.028818
   37.2987   -62.2551   284.9783   -51.3299     34.700   262.1271   -52.0294     34.367   0.028818
   37.3170   -62.2059   284.9207   -51.3647     34.700   262.0554   -52.0517     34.373   0.028818
   37.3353   -62.1566   284.8631   -51.3994     34.700   261.9837   -52.0739     34.379   0.028818
   37.3535   -62.1073   284.8053   -51.4341     34.700   261.9118   -52.0961     34.386   0.028818
   37.3717   -62.0581   284.7475   -51.4688     34.700   261.8400   -52.1182     34.392   0.028818
   37.3898   -62.0088   284.6896   -51.5034     34.700   261.7681   -52.1402     34.398   0.028818
   37.4078   -61.9595   284.6316   -51.5380     34.700   261.6961   -52.1622     34.404   0.028818
   37.4258   -61.9102   284.5735   -51.5726     34.700   261.6240   -52.1842     34.411   0.028818
   37.4437   -61.8610   284.5153   -51.6071     34.700   261.5519   -52.2061     34.417   0.028818
   37.4616   -61.8117   284.4571   -51.6416     34.700   261.4797   -52.2279     34.423   0.028818
   37.4794   -61.7624   284.3987   -51.6761     34.700   261.4075   -52.2497     34.429   0.028818
   37.4971   -61.7131   284.3403   -51.7106     34.700   261.3352   -52.2714     34.436   0.028818
   37.5148   -61.6638   284.2817   -51.7450     34.700   261.2628   -52.2931     34.442   0.028818
   37.5325   -61.6145   284.2231   -51.7794     34.700   261.1904   -52.3147     34.448   0.028818
   37.5501   -61.5652   284.1644   -51.8138     34.700   261.1179   -52.3363     34.454   0.028818
   37.5676   -61.5159   284.1056   -51.8482     34.700   261.0454   -52.3578     34.461   0.028818
   37.5851   -61.4666   284.0467   -51.8825     34.700   260.9727   -52.3793     34.467   0.028818
   37.6025   -61.4173   283.9877   -51.9168     34.700   260.9001   -52.4007     34.473   0.028818
   37.6198   -61.3680   283.9287   -51.9510     34.700   260.8273   -52.4221     34.479   0.028818
   37.6372   -61.3187   283.8695   -51.9852     34.700   260.7545   -52.4434     34.486   0.028818
   37.6544   -61.2694   283.8103   -52.0194     34.700   260.6817   -52.4646     34.492   0.028818
   37.6716   -61.2201   283.7509   -52.0536     34.700   260.6088   -52.4858     34.498   0.028818
   37.6888   -61.1708   283.6915   -52.0877     34.700   260.5358   -52.5070     34.504   0.028818
   37.7059   -61.1215   283.6320   -52.1219     34.700   260.4627   -52.5281     34.511   0.028818
   37.7229   -61.0722   283.5724   -52.1559     34.700   260.3896   -52.5491     34.517   0.028818
   37.7399   -61.0228   283.5126   -52.1900     34.700   260.3165   -52.5701     34.523   0.028818
   37.7568   -60.9735   283.4528   -52.2240     34.700   260.2432   -52.5910     34.529   0.028818
   37.7737   -60.9242   283.3930   -52.2580     34.700   260.1700   -52.6119     34.536   0.028818
   37.7905   -60.8749   283.3330   -52.2919     34.700   260.0966   -52.6327     34.542   0.028818
   37.8073   -60.8255   283.2729   -52.3259     34.700   260.0232   -52.6535     34.548   0.028818
   37.8240   -60.7762   283.2127   -52.3598     34.700   259.9497   -52.6742     34.554   0.028818
   37.8407   -60.7269   283.1525   -52.3936     34.700   259.8762   -52.6948     34.561   0.028818
   37.8573   -60.6775   283.0921   -52.4275     34.700   259.8026   -52.7154     34.567   0.028818
   37.8739   -60.6282   283.0317   -52.4613     34.700   259.7290   -52.7360     34.573   0.028818
   37.8904   -60.5789   282.9712   -52.4950     34.700   259.6553   -52.7565     34.579   0.028818
   37.9069   -60.5295   282.9105   -52.5288     34.700   259.5815   -52.7769     34.586   0.028818
   37.9233   -60.4802   282.8498   -52.5625     34.700   259.5077   -52.7973     34.592   0.028818
   37.9397   -60.4308   282.7890   -52.5962     34.700   259.4338   -52.8176     34.598   0.028818
   37.9560   -60.3815   282.7281   -52.6298     34.700   259.3598   -52.8379     34.604   0.028818
   37.9723   -60.3321   282.6671   -52.6634     34.700   259.2858   -52.8581     34.610   0.028818
   37.9885   -60.2828   282.6060   -52.6970     34.700   259.2118   -52.8783     34.617   0.028818
   38.0047   -60.2334   282.5448   -52.7306     34.700   259.1376   -52.8984     34.623   0.028818
   38.0208   -60.1841   282.4835   -52.7641     34.700   259.0634   -52.9184     34.629   0.028818
   38.0369   -60.1347   282.4221   -52.7976     34.700   258.9892   -52.9384     34.635   0.028818
   38.0530   -60.0854   282.3606   -52.8310     34.700   258.9149   -52.9584     34.642   0.028818
   38.0689   -60.0360   282.2991   -52.8645     34.700   258.8405   -52.9783     34.648   0.028818
   38.0849   -59.9867   282.2374   -52.8979     34.700   258.7661   -52.9981     34.654   0.028818
   38.1008   -59.9373   282.1756   -52.9312     34.700   258.6916   -53.0179     34.660   0.028818
   38.1166   -59.8879   282.1138   -52.9645     34.700   258.6171   -53.0376     34.667   0.028818
   38.1324   -59.8386   282.0518   -52.9978     34.700   258.5425   -53.0573     34.673   0.028818
   38.1482   -59.7892   281.9898   -53.0311     34.700   258.4678   -53.0769     34.679   0.028818
   38.1639   -59.7398   281.9277   -53.0643     34.700   258.3931   -53.0964     34.685   0.028818
   38.1795   -59.6905   281.8654   -53.0975     34.700   258.3183   -53.1159     34.692   0.028818
   38.1951   -59.6411   281.8031   -53.1307     34.700   258.2435   -53.1354     34.698   0.028818
   38.2107   -59.5917   281.7406   -53.1639     34.700   258.1686   -53.1548     34.704   0.028818
   38.2262   -59.5423   281.6781   -53.1970     34.700   258.0936   -53.1741     34.710   0.028818
   38.2417   -59.4929   281.6155   -53.2300     34.700   258.0186   -53.1934     34.717   0.028818
   38.2571   -59.4436   281.5528   -53.2631     34.700   257.9436   -53.2126     34.723   0.028818
   38.2725   -59.3942   281.4900   -53.2961     34.700   257.8684   -53.2318     34.729   0.028818
   38.2879   -59.3448   281.4270   -53.3290     34.700   257.7933   -53.2509     34.735   0.028818
   38.3032   -59.2954   281.3640   -53.3620     34.700   257.7180   -53.2699     34.742   0.028818
   38.3184   -59.2460   281.3009   -53.3949     34.700   257.6427   -53.2889     34.748   0.028818
   38.3336   -59.1966   281.2377   -53.4278     34.700   257.5674   -53.3079     34.754   0.028818
   38.3488   -59.1472   281.1744   -53.4606     34.700   257.4920   -53.3267     34.760   0.028818
   38.3639   -59.0978   281.1110   -53.4934     34.700   257.4165   -53.3456     34.767   0.028818
   38.3790   -59.0484   281.0475   -53.5262     34.700   257.3410   -53.3643     34.773   0.028818
   38.3940   -58.9990   280.9839   -53.5589     34.700   257.2654   -53.3830     34.779   0.028818
   38.4090   -58.9496   280.9202   -53.5916     34.700   257.1897   -53.4017     34.785   0.028818
   38.4239   -58.9002   280.8564   -53.6243     34.700   257.1140   -53.4203     34.791   0.028818
   38.4389   -58.8508   280.7925   -53.6569     34.700   257.0383   -53.4389     34.798   0.028818
   38.4537   -58.8014   280.7285   -53.6895     34.700   256.9625   -53.4573     34.804   0.028818
   38.4685   -58.7520   280.6644   -53.7221     34.700   256.8866   -53.4758     34.810   0.028818
   38.4833   -58.7026   280.6002   -53.7546     34.700   256.8107   -53.4941     34.816   0.028818
   38.4981   -58.6532   280.5359   -53.7871     34.700   256.7347   -53.5125     34.823   0.028818
   38.5128   -58.6038   280.4715   -53.8196     34.700   256.6587   -53.5307     34.829   0.028818
   38.5274   -58.5544   280.4070   -53.8520     34.700   256.5826   -53.5489     34.835   0.028818
   38.5420   -58.5050   280.3425   -53.8844     34.700   256.5065   -53.5671     34.841   0.028818
   38.5566   -58.4556   280.2778   -53.9168     34.700   256.4303   -53.5852     34.848   0.028818
   38.5711   -58.4061   280.2130   -53.9491     34.700   256.3540   -53.6032     34.854   0.028818
   38.5856   -58.3567   280.1481   -53.9814     34.700   256.2777   -53.6212     34.860   0.028818
   36.2273   -64.6074   287.6972   -49.6648     34.700   265.5306   -50.9441     34.063   0.028818
   36.2491   -64.5583   287.6437   -49.7009     34.700   265.4619   -50.9688     34.069   0.028818
   36.2708   -64.5092   287.5901   -49.7369     34.700   265.3932   -50.9935     34.075   0.028818
   36.2925   -64.4601   287.5363   -49.7729     34.700   265.3244   -51.0182     34.082   0.028818
   36.3140   -64.4109   287.4825   -49.8089     34.700   265.2555   -51.0428     34.088   0.028818
   36.3355   -64.3618   287.4287   -49.8448     34.700   265.1866   -51.0673     34.094   0.028818
   36.3569   -64.3127   287.3747   -49.8807     34.700   265.1176   -51.0918     34.100   0.028818
   36.3783   -64.2636   287.3207   -49.9166     34.700   265.0485   -51.1163     34.107   0.028818
   36.3996   -64.2144   287.2666   -49.9525     34.700   264.9794   -51.1407     34.113   0.028818
   36.4208   -64.1653   287.2124   -49.9884     34.700   264.9102   -51.1651     34.119   0.028818
   36.4419   -64.1161   287.1581   -50.0242     34.700   264.8410   -51.1894     34.125   0.028818
   36.4629   -64.0670   287.1037   -50.0600     34.700   264.7717   -51.2136     34.132   0.028818
   36.4839   -64.0178   287.0493   -50.0957     34.700   264.7023   -51.2378     34.138   0.028818
   36.5048   -63.9687   286.9948   -50.1315     34.700   264.6328   -51.2619     34.144   0.028818
   36.5256   -63.9195   286.9402   -50.1672     34.700   264.5633   -51.2860     34.150   0.028818
   36.5464   -63.8704   286.8855   -50.2029     34.700   264.4938   -51.3101     34.157   0.028818
   36.5671   -63.8212   286.8307   -50.2386     34.700   264.4241   -51.3341     34.163   0.028818
   36.5877   -63.7720   286.7759   -50.2742     34.700   264.3544   -51.3580     34.169   0.028818
   36.6082   -63.7229   286.7209   -50.3098     34.700   264.2847   -51.3819     34.175   0.028818
   36.6287   -63.6737   286.6659   -50.3454     34.700   264.2148   -51.4058     34.182   0.028818
   36.6491   -63.6245   286.6108   -50.3810     34.700   264.1449   -51.4296     34.188   0.028818
   36.6694   -63.5754   286.5556   -50.4165     34.700   264.0750   -51.4533     34.194   0.028818
   36.6896   -63.5262   286.5004   -50.4520     34.700   264.0049   -51.4770     34.200   0.028818
   36.7098   -63.4770   286.4450   -50.4875     34.700   263.9348   -51.5006     34.207   0.028818
   36.7299   -63.4278   286.3896   -50.5230     34.700   263.8647   -51.5242     34.213   0.028818
   36.7500   -63.3786   286.3341   -50.5584     34.700   263.7945   -51.5477     34.219   0.028818
   36.7700   -63.3294   286.2785   -50.5938     34.700   263.7242   -51.5712     34.225   0.028818
   36.7899   -63.2802   286.2228   -50.6292     34.700   263.6538   -51.5946     34.232   0.028818
   36.8097   -63.2310   286.1671   -50.6645     34.700   263.5834   -51.6180     34.238   0.028818
   36.8295   -63.1818   286.1112   -50.6998     34.700   263.5130   -51.6414     34.244   0.028818
   36.8492   -63.1326   286.0553   -50.7351     34.700   263.4424   -51.6646     34.250   0.028818
   36.8688   -63.0834   285.9993   -50.7704     34.700   263.3718   -51.6879     34.257   0.028818
   36.8884   -63.0342   285.9432   -50.8057     34.700   263.3011   -51.7110     34.263   0.028818
   36.9079   -62.9850   285.8870   -50.8409     34.700   263.2304   -51.7341     34.269   0.028818
   36.9274   -62.9358   285.8307   -50.8761     34.700   263.1596   -51.7572     34.275   0.028818
   36.9467   -62.8866   285.7744   -50.9112     34.700   263.0888   -51.7802     34.282   0.028818
   36.9661   -62.8374   285.7179   -50.9464     34.700   263.0178   -51.8032     34.288   0.028818
   36.9853   -62.7881   285.6614   -50.9815     34.700   262.9468   -51.8261     34.294   0.028818
   37.0045   -62.7389   285.6048   -51.0166     34.700   262.8758   -51.8490     34.300   0.028818
   37.0236   -62.6897   285.5481   -51.0516     34.700   262.8047   -51.8718     34.307   0.028818
   37.0427   -62.6405   285.4913   -51.0866     34.700   262.7335   -51.8945     34.313   0.028818
   37.0617   -62.5912   285.4344   -51.1216     34.700   262.6623   -51.9172     34.319   0.028818
   37.0806   -62.5420   285.3775   -51.1566     34.700   262.5909   -51.9399     34.325   0.028818
   37.0995   -62.4928   285.3205   -51.1916     34.700   262.5196   -51.9625     34.332   0.028818
   37.1183   -62.4435   285.2633   -51.2265     34.700   262.4481   -51.9850     34.338   0.028818
   37.1370   -62.3943   285.2061   -51.2614     34.700   262.3767   -52.0075     34.344   0.028818
   37.1557   -62.3450   285.1488   -51.2962     34.700   262.3051   -52.0300     34.350   0.028818
   37.1743   -62.2958   285.0914   -51.3311     34.700   262.2335   -52.0524     34.357   0.028818
   37.1929   -62.2466   285.0339   -51.3659     34.700   262.1618   -52.0747     34.363   0.028818
   37.2114   -62.1973   284.9764   -51.4006     34.700   262.0900   -52.0970     34.369   0.028818
   37.2298   -62.1480   284.9187   -51.4354     34.700   262.0182   -52.1192     34.375   0.028818
   37.2482   -62.0988   284.8610   -51.4701     34.700   261.9464   -52.1414     34.382   0.028818
   37.2665   -62.0495   284.8032   -51.5048     34.700   261.8744   -52.1635     34.388   0.028818
   37.2848   -62.0003   284.7453   -51.5395     34.700   261.8024   -52.1856     34.394   0.028818
   37.3030   -61.9510   284.6873   -51.5741     34.700   261.7304   -52.2076     34.400   0.028818
   37.3212   -61.9017   284.6292   -51.6087     34.700   261.6582   -52.2295     34.407   0.028818
   37.3392   -61.8525   284.5710   -51.6433     34.700   261.5861   -52.2515     34.413   0.028818
   37.3573   -61.8032   284.5127   -51.6778     34.700   261.5138   -52.2733     34.419   0.028818
   37.3752   -61.7539   284.4544   -51.7123     34.700   261.4415   -52.2951     34.425   0.028818
   37.3932   -61.7047   284.3959   -51.7468     34.700   261.3691   -52.3169     34.432   0.028818
   37.4110   -61.6554   284.3374   -51.7813     34.700   261.2967   -52.3386     34.438   0.028818
   37.4288   -61.6061   284.2788   -51.8157     34.700   261.2242   -52.3602     34.444   0.028818
   37.4466   -61.5568   284.2200   -51.8501     34.700   261.1516   -52.3818     34.450   0.028818
   37.4642   -61.5075   284.1612   -51.8845     34.700   261.0790   -52.4033     34.457   0.028818
   37.4819   -61.4583   284.1023   -51.9188     34.700   261.0063   -52.4248     34.463   0.028818
   37.4995   -61.4090   284.0434   -51.9532     34.700   260.9336   -52.4463     34.469   0.028818
   37.5170   -61.3597   283.9843   -51.9874     34.700   260.8608   -52.4676     34.475   0.028818
   37.5344   -61.3104   283.9251   -52.0217     34.700   260.7879   -52.4889     34.482   0.028818
   37.5519   -61.2611   283.8659   -52.0559     34.700   260.7150   -52.5102     34.488   0.028818
   37.5692   -61.2118   283.8065   -52.0901     34.700   260.6420   -52.5314     34.494   0.028818
   37.5865   -61.1625   283.7471   -52.1243     34.700   260.5689   -52.5526     34.500   0.028818
   37.6038   -61.1132   283.6875   -52.1584     34.700   260.4958   -52.5737     34.507   0.028818
   37.6210   -61.0639   283.6279   -52.1925     34.700   260.4226   -52.5947     34.513   0.028818
   37.6381   -61.0146   283.5682   -52.2266     34.700   260.3494   -52.6157     34.519   0.028818
   37.6552   -60.9653   283.5084   -52.2606     34.700   260.2761   -52.6367     34.525   0.028818
   37.6722   -60.9160   283.4485   -52.2947     34.700   260.2027   -52.6576     34.532   0.028818
   37.6892   -60.8666   283.3885   -52.3286     34.700   260.1293   -52.6784     34.538   0.028818
   37.7061   -60.8173   283.3284   -52.3626     34.700   260.0558   -52.6992     34.544   0.028818
   37.7230   -60.7680   283.2683   -52.3965     34.700   259.9823   -52.7199     34.550   0.028818
   37.7398   -60.7187   283.2080   -52.4304     34.700   259.9087   -52.7406     34.557   0.028818
   37.7566   -60.6694   283.1476   -52.4643     34.700   259.8350   -52.7612     34.563   0.028818
   37.7734   -60.6201   283.0872   -52.4981     34.700   259.7613   -52.7818     34.569   0.028818
   37.7900   -60.5707   283.0266   -52.5319     34.700   259.6875   -52.8023     34.575   0.028818
   37.8066   -60.5214   282.9660   -52.5657     34.700   259.6137   -52.8227     34.582   0.028818
   37.8232   -60.4721   282.9053   -52.5994     34.700   259.5397   -52.8431     34.588   0.028818
   37.8397   -60.4227   282.8445   -52.6331     34.700   259.4658   -52.8635     34.594   0.028818
   37.8562   -60.3734   282.7835   -52.6668     34.700   259.3918   -52.8837     34.600   0.028818
   37.8726   -60.3241   282.7225   -52.7004     34.700   259.3177   -52.9040     34.607   0.028818
   37.8890   -60.2747   282.6614   -52.7341     34.700   259.2435   -52.9241     34.613   0.028818
   37.9053   -60.2254   282.6002   -52.7676     34.700   259.1693   -52.9443     34.619   0.028818
   37.9216   -60.1760   282.5389   -52.8012     34.700   259.0951   -52.9643     34.625   0.028818
   37.9378   -60.1267   282.4775   -52.8347     34.700   259.0207   -52.9843     34.632   0.028818
   37.9540   -60.0774   282.4160   -52.8682     34.700   258.9463   -53.0043     34.638   0.028818
   37.9701   -60.0280   282.3545   -52.9016     34.700   258.8719   -53.0242     34.644   0.028818
   37.9862   -59.9787   282.2928   -52.9351     34.700   258.7974   -53.0441     34.650   0.028818
   38.0023   -59.9293   282.2310   -52.9685     34.700   258.7228   -53.0638     34.657   0.028818
   38.0182   -59.8800   282.1692   -53.0018     34.700   258.6482   -53.0836     34.663   0.028818
   38.0342   -59.8306   282.1072   -53.0351     34.700   258.5735   -53.1033     34.669   0.028818
   38.0501   -59.7812   282.0451   -53.0684     34.700   258.4988   -53.1229     34.675   0.028818
   38.0659   -59.7319   281.9830   -53.1017     34.700   258.4240   -53.1424     34.681   0.028818
   38.0817   -59.6825   281.9207   -53.1349     34.700   258.3491   -53.1620     34.688   0.028818
   38.0975   -59.6332   281.8584   -53.1681     34.700   258.2742   -53.1814     34.694   0.028818
   38.1132   -59.5838   281.7959   -53.2013     34.700   258.1993   -53.2008     34.700   0.028818
   38.1288   -59.5344   281.7334   -53.2344     34.700   258.1242   -53.2202     34.706   0.028818
   38.1444   -59.4851   281.6708   -53.2675     34.700   258.0491   -53.2394     34.713   0.028818
   38.1600   -59.4357   281.6080   -53.3006     34.700   257.9740   -53.2587     34.719   0.028818
   38.1755   -59.3863   281.5452   -53.3336     34.700   257.8988   -53.2779     34.725   0.028818
   38.1910   -59.3369   281.4823   -53.3666     34.700   257.8235   -53.2970     34.731   0.028818
   38.2065   -59.2876   281.4192   -53.3996     34.700   257.7482   -53.3160     34.738   0.028818
   38.2218   -59.2382   281.3561   -53.4325     34.700   257.6728   -53.3351     34.744   0.028818
   38.2372   -59.1888   281.2929   -53.4654     34.700   257.5974   -53.3540     34.750   0.028818
   38.2525   -59.1394   281.2296   -53.4983     34.700   257.5219   -53.3729     34.756   0.028818
   38.2677   -59.0901   281.1662   -53.5311     34.700   257.4463   -53.3917     34.763   0.028818
   38.2830   -59.0407   281.1027   -53.5639     34.700   257.3707   -53.4105     34.769   0.028818
   38.2981   -58.9913   281.0390   -53.5967     34.700   257.2951   -53.4293     34.775   0.028818
   38.3132   -58.9419   280.9753   -53.6294     34.700   257.2193   -53.4479     34.781   0.028818
   38.3283   -58.8925   280.9115   -53.6621     34.700   257.1436   -53.4665     34.788   0.028818
   38.3434   -58.8431   280.8476   -53.6948     34.700   257.0677   -53.4851     34.794   0.028818
   38.3584   -58.7937   280.7836   -53.7274     34.700   256.9918   -53.5036     34.800   0.028818
   38.3733   -58.7443   280.7195   -53.7600     34.700   256.9159   -53.5220     34.806   0.028818
   38.3882   -58.6949   280.6553   -53.7926     34.700   256.8399   -53.5404     34.812   0.028818
   38.4031   -58.6455   280.5910   -53.8251     34.700   256.7638   -53.5588     34.819   0.028818
   38.4179   -58.5961   280.5266   -53.8576     34.700   256.6877   -53.5770     34.825   0.028818
   38.4327   -58.5467   280.4620   -53.8901     34.700   256.6115   -53.5952     34.831   0.028818
   38.4475   -58.4973   280.3974   -53.9225     34.700   256.5353   -53.6134     34.837   0.028818
   38.4622   -58.4479   280.3327   -53.9549     34.700   256.4590   -53.6315     34.844   0.028818
   38.4768   -58.3985   280.2679   -53.9872     34.700   256.3827   -53.6496     34.850   0.028818
   38.4914   -58.3491   280.2030   -54.0195     34.700   256.3063   -53.6675     34.856   0.028818
   36.1128   -64.5980   287.7530   -49.6995     34.700   265.5685   -50.9886     34.059   0.028818
   36.1348   -64.5489   287.6994   -49.7355     34.700   265.4997   -51.0134     34.065   0.028818
   36.1567   -64.4998   287.6458   -49.7716     34.700   265.4310   -51.0381     34.071   0.028818
   36.1786   -64.4507   287.5921   -49.8076     34.700   265.3621   -51.0627     34.078   0.028818
   36.2003   -64.4016   287.5383   -49.8436     34.700   265.2932   -51.0874     34.084   0.028818
   36.2220   -64.3525   287.4844   -49.8796     34.700   265.2242   -51.1119     34.090   0.028818
   36.2436   -64.3034   287.4305   -49.9155     34.700   265.1551   -51.1364     34.096   0.028818
   36.2652   -64.2543   287.3764   -49.9514     34.700   265.0860   -51.1609     34.103   0.028818
   36.2866   -64.2051   287.3223   -49.9873     34.700   265.0168   -51.1853     34.109   0.028818
   36.3080   -64.1560   287.2681   -50.0232     34.700   264.9476   -51.2097     34.115   0.028818
   36.3293   -64.1069   287.2139   -50.0591     34.700   264.8783   -51.2340     34.121   0.028818
   36.3506   -64.0578   287.1595   -50.0949     34.700   264.8089   -51.2583     34.128   0.028818
   36.3717   -64.0086   287.1051   -50.1307     34.700   264.7395   -51.2825     34.134   0.028818
   36.3928   -63.9595   287.0505   -50.1664     34.700   264.6700   -51.3067     34.140   0.028818
   36.4138   -63.9103   286.9959   -50.2022     34.700   264.6004   -51.3308     34.146   0.028818
   36.4348   -63.8612   286.9413   -50.2379     34.700   264.5307   -51.3548     34.153   0.028818
   36.4557   -63.8121   286.8865   -50.2736     34.700   264.4610   -51.3788     34.159   0.028818
   36.4764   -63.7629   286.8316   -50.3093     34.700   264.3913   -51.4028     34.165   0.028818
   36.4972   -63.7138   286.7767   -50.3449     34.700   264.3214   -51.4267     34.171   0.028818
   36.5178   -63.6646   286.7217   -50.3805     34.700   264.2516   -51.4506     34.178   0.028818
   36.5384   -63.6154   286.6666   -50.4161     34.700   264.1816   -51.4744     34.184   0.028818
   36.5589   -63.5663   286.6114   -50.4517     34.700   264.1116   -51.4981     34.190   0.028818
   36.5794   -63.5171   286.5562   -50.4872     34.700   264.0415   -51.5218     34.196   0.028818
   36.5997   -63.4679   286.5008   -50.5227     34.700   263.9713   -51.5455     34.203   0.028818
   36.6200   -63.4188   286.4454   -50.5582     34.700   263.9011   -51.5691     34.209   0.028818
   36.6402   -63.3696   286.3899   -50.5937     34.700   263.8308   -51.5926     34.215   0.028818
   36.6604   -63.3204   286.3343   -50.6291     34.700   263.7605   -51.6161     34.221   0.028818
   36.6805   -63.2713   286.2786   -50.6645     34.700   263.6900   -51.6396     34.228   0.028818
   36.7005   -63.2221   286.2229   -50.6999     34.700   263.6196   -51.6630     34.234   0.028818
   36.7205   -63.1729   286.1670   -50.7352     34.700   263.5490   -51.6863     34.240   0.028818
   36.7404   -63.1237   286.1111   -50.7706     34.700   263.4784   -51.7096     34.246   0.028818
   36.7602   -63.0745   286.0551   -50.8059     34.700   263.4078   -51.7329     34.253   0.028818
   36.7799   -63.0253   285.9990   -50.8411     34.700   263.3370   -51.7561     34.259   0.028818
   36.7996   -62.9761   285.9428   -50.8764     34.700   263.2662   -51.7792     34.265   0.028818
   36.8192   -62.9269   285.8865   -50.9116     34.700   263.1954   -51.8023     34.271   0.028818
   36.8388   -62.8777   285.8302   -50.9468     34.700   263.1244   -51.8253     34.278   0.028818
   36.8583   -62.8285   285.7737   -50.9819     34.700   263.0534   -51.8483     34.284   0.028818
   36.8777   -62.7793   285.7172   -51.0171     34.700   262.9824   -51.8712     34.290   0.028818
   36.8971   -62.7301   285.6606   -51.0522     34.700   262.9113   -51.8941     34.296   0.028818
   36.9164   -62.6809   285.6039   -51.0873     34.700   262.8401   -51.9169     34.303   0.028818
   36.9356   -62.6317   285.5471   -51.1223     34.700   262.7688   -51.9397     34.309   0.028818
   36.9548   -62.5825   285.4902   -51.1573     34.700   262.6975   -51.9624     34.315   0.028818
   36.9739   -62.5333   285.4333   -51.1923     34.700   262.6261   -51.9851     34.321   0.028818
   36.9929   -62.4840   285.3762   -51.2273     34.700   262.5547   -52.0077     34.328   0.028818
   37.0119   -62.4348   285.3191   -51.2623     34.700   262.4832   -52.0302     34.334   0.028818
   37.0308   -62.3856   285.2619   -51.2972     34.700   262.4116   -52.0528     34.340   0.028818
   37.0496   -62.3363   285.2046   -51.3321     34.700   262.3400   -52.0752     34.346   0.028818
   37.0684   -62.2871   285.1472   -51.3669     34.700   262.2683   -52.0976     34.353   0.028818
   37.0872   -62.2379   285.0897   -51.4018     34.700   262.1966   -52.1200     34.359   0.028818
   37.1058   -62.1886   285.0321   -51.4366     34.700   262.1248   -52.1423     34.365   0.028818
   37.1244   -62.1394   284.9745   -51.4713     34.700   262.0529   -52.1645     34.371   0.028818
   37.1430   -62.0902   284.9168   -51.5061     34.700   261.9809   -52.1867     34.378   0.028818
   37.1615   -62.0409   284.8589   -51.5408     34.700   261.9089   -52.2088     34.384   0.028818
   37.1799   -61.9917   284.8010   -51.5755     34.700   261.8369   -52.2309     34.390   0.028818
   37.1983   -61.9424   284.7430   -51.6101     34.700   261.7647   -52.2530     34.396   0.028818
   37.2166   -61.8932   284.6849   -51.6448     34.700   261.6925   -52.2749     34.403   0.028818
   37.2348   -61.8439   284.6267   -51.6794     34.700   261.6203   -52.2969     34.409   0.028818
   37.2530   -61.7947   284.5685   -51.7140     34.700   261.5479   -52.3187     34.415   0.028818
   37.2712   -61.7454   284.5101   -51.7485     34.700   261.4756   -52.3405     34.421   0.028818
   37.2892   -61.6961   284.4516   -51.7830     34.700   261.4031   -52.3623     34.428   0.028818
   37.3073   -61.6469   284.3931   -51.8175     34.700   261.3306   -52.3840     34.434   0.028818
   37.3252   -61.5976   284.3345   -51.8520     34.700   261.2580   -52.4057     34.440   0.028818
   37.3431   -61.5483   284.2758   -51.8864     34.700   261.1854   -52.4273     34.446   0.028818
   37.3610   -61.4991   284.2169   -51.9208     34.700   261.1127   -52.4488     34.453   0.028818
   37.3788   -61.4498   284.1580   -51.9552     34.700   261.0400   -52.4703     34.459   0.028818
   37.3965   -61.4005   284.0991   -51.9895     34.700   260.9671   -52.4918     34.465   0.028818
   37.4142   -61.3513   284.0400   -52.0238     34.700   260.8943   -52.5132     34.471   0.028818
   37.4318   -61.3020   283.9808   -52.0581     34.700   260.8213   -52.5345     34.478   0.028818
   37.4494   -61.2527   283.9215   -52.0924     34.700   260.7483   -52.5558     34.484   0.028818
   37.4669   -61.2034   283.8622   -52.1266     34.700   260.6752   -52.5770     34.490   0.028818
   37.4843   -61.1541   283.8027   -52.1608     34.700   260.6021   -52.5982     34.496   0.028818
   37.5017   -61.1048   283.7432   -52.1949     34.700   260.5289   -52.6193     34.503   0.028818
   37.5191   -61.0555   283.6836   -52.2291     34.700   260.4557   -52.6404     34.509   0.028818
   37.5364   -61.0062   283.6239   -52.2632     34.700   260.3824   -52.6614     34.515   0.028818
   37.5536   -60.9569   283.5640   -52.2973     34.700   260.3090   -52.6823     34.521   0.028818
   37.5708   -60.9077   283.5041   -52.3313     34.700   260.2355   -52.7032     34.528   0.028818
   37.5879   -60.8584   283.4441   -52.3653     34.700   260.1620   -52.7241     34.534   0.028818
   37.6050   -60.8090   283.3841   -52.3993     34.700   260.0885   -52.7449     34.540   0.028818
   37.6221   -60.7597   283.3239   -52.4332     34.700   260.0149   -52.7656     34.546   0.028818
   37.6390   -60.7104   283.2636   -52.4672     34.700   259.9412   -52.7863     34.553   0.028818
   37.6560   -60.6611   283.2032   -52.5011     34.700   259.8674   -52.8069     34.559   0.028818
   37.6728   -60.6118   283.1428   -52.5349     34.700   259.7936   -52.8275     34.565   0.028818
   37.6897   -60.5625   283.0822   -52.5687     34.700   259.7198   -52.8480     34.571   0.028818
   37.7064   -60.5132   283.0216   -52.6025     34.700   259.6459   -52.8685     34.578   0.028818
   37.7232   -60.4639   282.9608   -52.6363     34.700   259.5719   -52.8889     34.584   0.028818
   37.7398   -60.4146   282.9000   -52.6701     34.700   259.4978   -52.9093     34.590   0.028818
   37.7564   -60.3652   282.8391   -52.7038     34.700   259.4237   -52.9296     34.596   0.028818
   37.7730   -60.3159   282.7781   -52.7374     34.700   259.3496   -52.9498     34.603   0.028818
   37.7895   -60.2666   282.7169   -52.7711     34.700   259.2753   -52.9700     34.609   0.028818
   37.8060   -60.2173   282.6557   -52.8047     34.700   259.2011   -52.9901     34.615   0.028818
   37.8224   -60.1679   282.5944   -52.8383     34.700   259.1267   -53.0102     34.621   0.028818
   37.8388   -60.1186   282.5330   -52.8718     34.700   259.0523   -53.0303     34.628   0.028818
   37.8551   -60.0693   282.4715   -52.9053     34.700   258.9778   -53.0502     34.634   0.028818
   37.8714   -60.0199   282.4099   -52.9388     34.700   258.9033   -53.0701     34.640   0.028818
   37.8876   -59.9706   282.3483   -52.9723     34.700   258.8287   -53.0900     34.646   0.028818
   37.9038   -59.9213   282.2865   -53.0057     34.700   258.7541   -53.1098     34.653   0.028818
   37.9199   -59.8719   282.2246   -53.0391     34.700   258.6794   -53.1295     34.659   0.028818
   37.9360   -59.8226   282.1626   -53.0724     34.700   258.6046   -53.1492     34.665   0.028818
   37.9520   -59.7732   282.1006   -53.1057     34.700   258.5298   -53.1689     34.671   0.028818
   37.9680   -59.7239   282.0384   -53.1390     34.700   258.4549   -53.1885     34.678   0.028818
   37.9840   -59.6745   281.9761   -53.1723     34.700   258.3800   -53.2080     34.684   0.028818
   37.9998   -59.6252   281.9138   -53.2055     34.700   258.3050   -53.2275     34.690   0.028818
   38.0157   -59.5758   281.8513   -53.2387     34.700   258.2300   -53.2469     34.696   0.028818
   38.0315   -59.5265   281.7888   -53.2719     34.700   258.1548   -53.2662     34.703   0.028818
   38.0472   -59.4771   281.7261   -53.3050     34.700   258.0797   -53.2855     34.709   0.028818
   38.0629   -59.4278   281.6634   -53.3381     34.700   258.0044   -53.3048     34.715   0.028818
   38.0786   -59.3784   281.6005   -53.3712     34.700   257.9292   -53.3240     34.721   0.028818
   38.0942   -59.3290   281.5376   -53.4042     34.700   257.8538   -53.3431     34.728   0.028818
   38.1098   -59.2797   281.4746   -53.4372     34.700   257.7784   -53.3622     34.734   0.028818
   38.1253   -59.2303   281.4114   -53.4702     34.700   257.7029   -53.3812     34.740   0.028818
   38.1408   -59.1809   281.3482   -53.5031     34.700   257.6274   -53.4002     34.746   0.028818
   38.1562   -59.1316   281.2849   -53.5360     34.700   257.5519   -53.4191     34.752   0.028818
   38.1716   -59.0822   281.2214   -53.5688     34.700   257.4762   -53.4379     34.759   0.028818
   38.1870   -59.0328   281.1579   -53.6017     34.700   257.4005   -53.4567     34.765   0.028818
   38.2023   -58.9834   281.0943   -53.6345     34.700   257.3248   -53.4755     34.771   0.028818
   38.2175   -58.9341   281.0305   -53.6672     34.700   257.2490   -53.4941     34.777   0.028818
   38.2327   -58.8847   280.9667   -53.7000     34.700   257.1731   -53.5128     34.784   0.028818
   38.2479   -58.8353   280.9028   -53.7326     34.700   257.0972   -53.5313     34.790   0.028818
   38.2631   -58.7859   280.8388   -53.7653     34.700   257.0212   -53.5499     34.796   0.028818
   38.2781   -58.7365   280.7746   -53.7979     34.700   256.9452   -53.5683     34.802   0.028818
   38.2932   -58.6872   280.7104   -53.8305     34.700   256.8691   -53.5867     34.809   0.028818
   38.3082   -58.6378   280.6461   -53.8631     34.700   256.7929   -53.6051     34.815   0.028818
   38.3231   -58.5884   280.5817   -53.8956     34.700   256.7167   -53.6233     34.821   0.028818
   38.3381   -58.5390   280.5171   -53.9281     34.700   256.6405   -53.6416     34.827   0.028818
   38.3529   -58.4896   280.4525   -53.9605     34.700   256.5642   -53.6597     34.834   0.028818
   38.3678   -58.4402   280.3878   -53.9930     34.700   256.4878   -53.6779     34.840   0.028818
   38.3826   -58.3908   280.3230   -54.0253     34.700   256.4114   -53.6959     34.846   0.028818
   38.3973   -58.3414   280.2580   -54.0577     34.700   256.3349   -53.7139     34.852   0.028818
   35.9983   -64.5885   287.8088   -49.7341     34.700   265.6065   -51.0331     34.055   0.028818
   36.0206   -64.5394   287.7553   -49.7702     34.700   265.5377   -51.0579     34.061   0.028818
   36.0427   -64.4903   287.7016   -49.8062     34.700   265.4688   -51.0826     34.067   0.028818
   36.0647   -64.4413   287.6479   -49.8423     34.700   265.3999   -51.1073     34.074   0.028818
   36.0867   -64.3922   287.5941   -49.8783     34.700   265.3309   -51.1319     34.080   0.028818
   36.1086   -64.3431   287.5403   -49.9143     34.700   265.2619   -51.1565     34.086   0.028818
   36.1304   -64.2940   287.4863   -49.9503     34.700   265.1928   -51.1810     34.092   0.028818
   36.1521   -64.2449   287.4323   -49.9862     34.700   265.1236   -51.2055     34.099   0.028818
   36.1738   -64.1958   287.3782   -50.0221     34.700   265.0543   -51.2300     34.105   0.028818
   36.1954   -64.1467   287.3240   -50.0580     34.700   264.9850   -51.2543     34.111   0.028818
   36.2169   -64.0976   287.2697   -50.0939     34.700   264.9156   -51.2787     34.117   0.028818
   36.2383   -64.0484   287.2154   -50.1298     34.700   264.8462   -51.3030     34.124   0.028818
   36.2597   -63.9993   287.1609   -50.1656     34.700   264.7767   -51.3272     34.130   0.028818
   36.2809   -63.9502   287.1064   -50.2014     34.700   264.7071   -51.3514     34.136   0.028818
   36.3021   -63.9011   287.0518   -50.2371     34.700   264.6375   -51.3755     34.142   0.028818
   36.3233   -63.8519   286.9971   -50.2729     34.700   264.5678   -51.3996     34.149   0.028818
   36.3443   -63.8028   286.9424   -50.3086     34.700   264.4980   -51.4236     34.155   0.028818
   36.3653   -63.7537   286.8875   -50.3443     34.700   264.4282   -51.4476     34.161   0.028818
   36.3862   -63.7045   286.8326   -50.3800     34.700   264.3583   -51.4715     34.167   0.028818
   36.4071   -63.6554   286.7776   -50.4156     34.700   264.2883   -51.4954     34.174   0.028818
   36.4278   -63.6063   286.7225   -50.4512     34.700   264.2183   -51.5192     34.180   0.028818
   36.4485   -63.5571   286.6673   -50.4868     34.700   264.1482   -51.5430     34.186   0.028818
   36.4691   -63.5080   286.6120   -50.5224     34.700   264.0781   -51.5667     34.192   0.028818
   36.4897   -63.4588   286.5567   -50.5579     34.700   264.0078   -51.5904     34.199   0.028818
   36.5102   -63.4097   286.5013   -50.5934     34.700   263.9376   -51.6140     34.205   0.028818
   36.5306   -63.3605   286.4458   -50.6289     34.700   263.8672   -51.6376     34.211   0.028818
   36.5509   -63.3114   286.3902   -50.6644     34.700   263.7968   -51.6611     34.217   0.028818
   36.5712   -63.2622   286.3345   -50.6998     34.700   263.7263   -51.6845     34.224   0.028818
   36.5914   -63.2130   286.2787   -50.7352     34.700   263.6558   -51.7079     34.230   0.028818
   36.6115   -63.1639   286.2229   -50.7706     34.700   263.5852   -51.7313     34.236   0.028818
   36.6316   -63.1147   286.1670   -50.8059     34.700   263.5145   -51.7546     34.242   0.028818
   36.6516   -63.0655   286.1109   -50.8413     34.700   263.4438   -51.7779     34.249   0.028818
   36.6715   -63.0163   286.0548   -50.8766     34.700   263.3730   -51.8011     34.255   0.028818
   36.6914   -62.9672   285.9987   -50.9118     34.700   263.3021   -51.8242     34.261   0.028818
   36.7112   -62.9180   285.9424   -50.9471     34.700   263.2312   -51.8473     34.267   0.028818
   36.7309   -62.8688   285.8860   -50.9823     34.700   263.1602   -51.8704     34.274   0.028818
   36.7506   -62.8196   285.8296   -51.0175     34.700   263.0891   -51.8934     34.280   0.028818
   36.7702   -62.7704   285.7731   -51.0526     34.700   263.0180   -51.9163     34.286   0.028818
   36.7897   -62.7212   285.7165   -51.0878     34.700   262.9468   -51.9392     34.292   0.028818
   36.8092   -62.6720   285.6598   -51.1229     34.700   262.8755   -51.9620     34.299   0.028818
   36.8286   -62.6228   285.6030   -51.1580     34.700   262.8042   -51.9848     34.305   0.028818
   36.8479   -62.5736   285.5461   -51.1930     34.700   262.7329   -52.0076     34.311   0.028818
   36.8672   -62.5244   285.4891   -51.2281     34.700   262.6614   -52.0303     34.317   0.028818
   36.8864   -62.4752   285.4321   -51.2631     34.700   262.5899   -52.0529     34.324   0.028818
   36.9055   -62.4260   285.3750   -51.2980     34.700   262.5183   -52.0755     34.330   0.028818
   36.9246   -62.3768   285.3177   -51.3330     34.700   262.4467   -52.0980     34.336   0.028818
   36.9436   -62.3276   285.2604   -51.3679     34.700   262.3750   -52.1205     34.342   0.028818
   36.9626   -62.2784   285.2030   -51.4028     34.700   262.3032   -52.1429     34.349   0.028818
   36.9815   -62.2291   285.1456   -51.4376     34.700   262.2314   -52.1652     34.355   0.028818
   37.0003   -62.1799   285.0880   -51.4725     34.700   262.1595   -52.1875     34.361   0.028818
   37.0191   -62.1307   285.0303   -51.5073     34.700   262.0876   -52.2098     34.367   0.028818
   37.0378   -62.0815   284.9726   -51.5420     34.700   262.0156   -52.2320     34.374   0.028818
   37.0565   -62.0322   284.9148   -51.5768     34.700   261.9435   -52.2542     34.380   0.028818
   37.0751   -61.9830   284.8568   -51.6115     34.700   261.8713   -52.2763     34.386   0.028818
   37.0936   -61.9338   284.7988   -51.6462     34.700   261.7991   -52.2983     34.392   0.028818
   37.1121   -61.8845   284.7407   -51.6808     34.700   261.7269   -52.3203     34.399   0.028818
   37.1305   -61.8353   284.6826   -51.7155     34.700   261.6545   -52.3423     34.405   0.028818
   37.1488   -61.7860   284.6243   -51.7501     34.700   261.5821   -52.3641     34.411   0.028818
   37.1671   -61.7368   284.5659   -51.7847     34.700   261.5097   -52.3860     34.417   0.028818
   37.1854   -61.6875   284.5075   -51.8192     34.700   261.4372   -52.4078     34.424   0.028818
   37.2035   -61.6383   284.4489   -51.8537     34.700   261.3646   -52.4295     34.430   0.028818
   37.2217   -61.5890   284.3903   -51.8882     34.700   261.2920   -52.4512     34.436   0.028818
   37.2397   -61.5398   284.3316   -51.9227     34.700   261.2192   -52.4728     34.443   0.028818
   37.2577   -61.4905   284.2727   -51.9571     34.700   261.1465   -52.4943     34.449   0.028818
   37.2757   -61.4413   284.2138   -51.9915     34.700   261.0736   -52.5159     34.455   0.028818
   37.2936   -61.3920   284.1548   -52.0259     34.700   261.0008   -52.5373     34.461   0.028818
   37.3114   -61.3427   284.0958   -52.0602     34.700   260.9278   -52.5587     34.468   0.028818
   37.3292   -61.2935   284.0366   -52.0945     34.700   260.8548   -52.5801     34.474   0.028818
   37.3469   -61.2442   283.9773   -52.1288     34.700   260.7817   -52.6014     34.480   0.028818
   37.3646   -61.1949   283.9180   -52.1630     34.700   260.7086   -52.6226     34.486   0.028818
   37.3822   -61.1457   283.8585   -52.1973     34.700   260.6354   -52.6438     34.493   0.028818
   37.3998   -61.0964   283.7990   -52.2315     34.700   260.5621   -52.6649     34.499   0.028818
   37.4173   -61.0471   283.7393   -52.2656     34.700   260.4888   -52.6860     34.505   0.028818
   37.4347   -60.9978   283.6796   -52.2997     34.700   260.4154   -52.7070     34.511   0.028818
   37.4521   -60.9486   283.6198   -52.3339     34.700   260.3419   -52.7280     34.518   0.028818
   37.4694   -60.8993   283.5599   -52.3679     34.700   260.2684   -52.7489     34.524   0.028818
   37.4867   -60.8500   283.4999   -52.4020     34.700   260.1948   -52.7698     34.530   0.028818
   37.5040   -60.8007   283.4398   -52.4360     34.700   260.1212   -52.7906     34.536   0.028818
   37.5211   -60.7514   283.3796   -52.4700     34.700   260.0475   -52.8113     34.543   0.028818
   37.5383   -60.7021   283.3193   -52.5039     34.700   259.9738   -52.8320     34.549   0.028818
   37.5554   -60.6528   283.2589   -52.5378     34.700   259.8999   -52.8527     34.555   0.028818
   37.5724   -60.6035   283.1985   -52.5717     34.700   259.8261   -52.8733     34.561   0.028818
   37.5893   -60.5542   283.1379   -52.6056     34.700   259.7521   -52.8938     34.568   0.028818
   37.6063   -60.5049   283.0773   -52.6394     34.700   259.6781   -52.9143     34.574   0.028818
   37.6231   -60.4556   283.0165   -52.6732     34.700   259.6041   -52.9347     34.580   0.028818
   37.6400   -60.4063   282.9557   -52.7070     34.700   259.5299   -52.9551     34.586   0.028818
   37.6567   -60.3570   282.8947   -52.7407     34.700   259.4558   -52.9754     34.592   0.028818
   37.6734   -60.3077   282.8337   -52.7744     34.700   259.3815   -52.9957     34.599   0.028818
   37.6901   -60.2584   282.7726   -52.8081     34.700   259.3072   -53.0159     34.605   0.028818
   37.7067   -60.2091   282.7114   -52.8417     34.700   259.2329   -53.0360     34.611   0.028818
   37.7233   -60.1597   282.6500   -52.8753     34.700   259.1584   -53.0561     34.617   0.028818
   37.7398   -60.1104   282.5886   -52.9089     34.700   259.0840   -53.0762     34.624   0.028818
   37.7563   -60.0611   282.5271   -52.9424     34.700   259.0094   -53.0961     34.630   0.028818
   37.7727   -60.0118   282.4655   -52.9759     34.700   258.9348   -53.1161     34.636   0.028818
   37.7890   -59.9624   282.4038   -53.0094     34.700   258.8602   -53.1359     34.642   0.028818
   37.8054   -59.9131   282.3420   -53.0429     34.700   258.7854   -53.1558     34.649   0.028818
   37.8216   -59.8638   282.2802   -53.0763     34.700   258.7106   -53.1755     34.655   0.028818
   37.8379   -59.8145   282.2182   -53.1097     34.700   258.6358   -53.1952     34.661   0.028818
   37.8540   -59.7651   282.1561   -53.1430     34.700   258.5609   -53.2149     34.667   0.028818
   37.8702   -59.7158   282.0939   -53.1763     34.700   258.4860   -53.2345     34.674   0.028818
   37.8862   -59.6665   282.0316   -53.2096     34.700   258.4109   -53.2540     34.680   0.028818
   37.9023   -59.6171   281.9693   -53.2429     34.700   258.3359   -53.2735     34.686   0.028818
   37.9183   -59.5678   281.9068   -53.2761     34.700   258.2607   -53.2929     34.692   0.028818
   37.9342   -59.5184   281.8442   -53.3093     34.700   258.1855   -53.3123     34.699   0.028818
   37.9501   -59.4691   281.7816   -53.3425     34.700   258.1103   -53.3316     34.705   0.028818
   37.9659   -59.4197   281.7188   -53.3756     34.700   258.0350   -53.3509     34.711   0.028818
   37.9817   -59.3704   281.6560   -53.4087     34.700   257.9596   -53.3701     34.717   0.028818
   37.9975   -59.3210   281.5930   -53.4417     34.700   257.8842   -53.3892     34.724   0.028818
   38.0132   -59.2717   281.5300   -53.4748     34.700   257.8087   -53.4083     34.730   0.028818
   38.0288   -59.2223   281.4668   -53.5078     34.700   257.7331   -53.4273     34.736   0.028818
   38.0445   -59.1730   281.4036   -53.5407     34.700   257.6575   -53.4463     34.742   0.028818
   38.0600   -59.1236   281.3402   -53.5736     34.700   257.5819   -53.4652     34.749   0.028818
   38.0756   -59.0743   281.2768   -53.6065     34.700   257.5062   -53.4841     34.755   0.028818
   38.0910   -59.0249   281.2132   -53.6394     34.700   257.4304   -53.5029     34.761   0.028818
   38.1065   -58.9755   281.1496   -53.6722     34.700   257.3546   -53.5217     34.767   0.028818
   38.1219   -58.9262   281.0859   -53.7050     34.700   257.2787   -53.5404     34.774   0.028818
   38.1372   -58.8768   281.0220   -53.7378     34.700   257.2027   -53.5590     34.780   0.028818
   38.1525   -58.8274   280.9581   -53.7705     34.700   257.1267   -53.5776     34.786   0.028818
   38.1678   -58.7781   280.8940   -53.8032     34.700   257.0507   -53.5961     34.792   0.028818
   38.1830   -58.7287   280.8299   -53.8358     34.700   256.9745   -53.6146     34.798   0.028818
   38.1982   -58.6793   280.7657   -53.8684     34.700   256.8984   -53.6330     34.805   0.028818
   38.2133   -58.6299   280.7013   -53.9010     34.700   256.8221   -53.6513     34.811   0.028818
   38.2284   -58.5806   280.6369   -53.9336     34.700   256.7459   -53.6696     34.817   0.028818
   38.2434   -58.5312   280.5723   -53.9661     34.700   256.6695   -53.6879     34.823   0.028818
   38.2584   -58.4818   280.5077   -53.9986     34.700   256.5931   -53.7061     34.830   0.028818
   38.2734   -58.4324   280.4430   -54.0310     34.700   256.5167   -53.7242     34.836   0.028818
   38.2883   -58.3830   280.3781   -54.0634     34.700   256.4401   -53.7423     34.842   0.028818
   38.3032   -58.3336   280.3132   -54.0958     34.700   256.3636   -53.7603     34.848   0.028818
   35.8840   -64.5789   287.8647   -49.7686     34.700   265.6445   -51.0776     34.051   0.028818
   35.9064   -64.5299   287.8112   -49.8048     34.700   265.5756   -51.1024     34.057   0.028818
   35.9287   -64.4808   287.7576   -49.8409     34.700   265.5067   -51.1271     34.063   0.028818
   35.9510   -64.4317   287.7039   -49.8769     34.700   265.4378   -51.1518     34.070   0.028818
   35.9731   -64.3826   287.6501   -49.9130     34.700   265.3687   -51.1765     34.076   0.028818
   35.9952   -64.3336   287.5962   -49.9490     34.700   265.2996   -51.2011     34.082   0.028818
   36.0172   -64.2845   287.5423   -49.9850     34.700   265.2304   -51.2256     34.088   0.028818
   36.0392   -64.2354   287.4882   -50.0210     34.700   265.1612   -51.2501     34.095   0.028818
   36.0610   -64.1863   287.4341   -50.0569     34.700   265.0919   -51.2746     34.101   0.028818
   36.0828   -64.1372   287.3799   -50.0928     34.700   265.0225   -51.2990     34.107   0.028818
   36.1045   -64.0881   287.3257   -50.1287     34.700   264.9531   -51.3233     34.113   0.028818
   36.1261   -64.0390   287.2713   -50.1646     34.700   264.8836   -51.3476     34.120   0.028818
   36.1476   -63.9899   287.2169   -50.2005     34.700   264.8140   -51.3719     34.126   0.028818
   36.1691   -63.9408   287.1624   -50.2363     34.700   264.7444   -51.3961     34.132   0.028818
   36.1905   -63.8917   287.1078   -50.2721     34.700   264.6747   -51.4202     34.138   0.028818
   36.2118   -63.8426   287.0531   -50.3079     34.700   264.6049   -51.4443     34.145   0.028818
   36.2331   -63.7935   286.9983   -50.3436     34.700   264.5351   -51.4684     34.151   0.028818
   36.2542   -63.7444   286.9435   -50.3793     34.700   264.4652   -51.4924     34.157   0.028818
   36.2753   -63.6953   286.8885   -50.4150     34.700   264.3952   -51.5163     34.163   0.028818
   36.2964   -63.6461   286.8335   -50.4507     34.700   264.3252   -51.5402     34.170   0.028818
   36.3173   -63.5970   286.7784   -50.4863     34.700   264.2551   -51.5640     34.176   0.028818
   36.3382   -63.5479   286.7233   -50.5219     34.700   264.1850   -51.5878     34.182   0.028818
   36.3590   -63.4987   286.6680   -50.5575     34.700   264.1147   -51.6116     34.188   0.028818
   36.3797   -63.4496   286.6127   -50.5931     34.700   264.0444   -51.6352     34.195   0.028818
   36.4004   -63.4005   286.5572   -50.6286     34.700   263.9741   -51.6589     34.201   0.028818
   36.4210   -63.3513   286.5017   -50.6641     34.700   263.9037   -51.6825     34.207   0.028818
   36.4415   -63.3022   286.4461   -50.6996     34.700   263.8332   -51.7060     34.213   0.028818
   36.4619   -63.2530   286.3905   -50.7351     34.700   263.7627   -51.7295     34.220   0.028818
   36.4823   -63.2039   286.3347   -50.7705     34.700   263.6920   -51.7529     34.226   0.028818
   36.5026   -63.1547   286.2789   -50.8059     34.700   263.6214   -51.7763     34.232   0.028818
   36.5229   -63.1056   286.2229   -50.8413     34.700   263.5506   -51.7996     34.238   0.028818
   36.5431   -63.0564   286.1669   -50.8766     34.700   263.4798   -51.8229     34.245   0.028818
   36.5632   -63.0073   286.1108   -50.9120     34.700   263.4090   -51.8461     34.251   0.028818
   36.5832   -62.9581   286.0546   -50.9473     34.700   263.3380   -51.8693     34.257   0.028818
   36.6032   -62.9089   285.9983   -50.9825     34.700   263.2670   -51.8924     34.263   0.028818
   36.6231   -62.8598   285.9420   -51.0178     34.700   263.1960   -51.9154     34.270   0.028818
   36.6429   -62.8106   285.8856   -51.0530     34.700   263.1248   -51.9385     34.276   0.028818
   36.6627   -62.7614   285.8290   -51.0882     34.700   263.0536   -51.9614     34.282   0.028818
   36.6824   -62.7122   285.7724   -51.1234     34.700   262.9824   -51.9843     34.288   0.028818
   36.7020   -62.6631   285.7157   -51.1585     34.700   262.9111   -52.0072     34.295   0.028818
   36.7216   -62.6139   285.6589   -51.1936     34.700   262.8397   -52.0300     34.301   0.028818
   36.7411   -62.5647   285.6021   -51.2287     34.700   262.7682   -52.0527     34.307   0.028818
   36.7606   -62.5155   285.5451   -51.2637     34.700   262.6967   -52.0754     34.314   0.028818
   36.7799   -62.4663   285.4880   -51.2988     34.700   262.6252   -52.0981     34.320   0.028818
   36.7992   -62.4171   285.4309   -51.3338     34.700   262.5535   -52.1207     34.326   0.028818
   36.8185   -62.3679   285.3737   -51.3687     34.700   262.4818   -52.1432     34.332   0.028818
   36.8377   -62.3187   285.3164   -51.4037     34.700   262.4100   -52.1657     34.339   0.028818
   36.8568   -62.2695   285.2590   -51.4386     34.700   262.3382   -52.1881     34.345   0.028818
   36.8759   -62.2203   285.2015   -51.4735     34.700   262.2663   -52.2105     34.351   0.028818
   36.8949   -62.1711   285.1439   -51.5083     34.700   262.1944   -52.2328     34.357   0.028818
   36.9138   -62.1219   285.0863   -51.5432     34.700   262.1223   -52.2551     34.364   0.028818
   36.9327   -62.0727   285.0285   -51.5780     34.700   262.0503   -52.2773     34.370   0.028818
   36.9515   -62.0235   284.9707   -51.6127     34.700   261.9781   -52.2995     34.376   0.028818
   36.9703   -61.9742   284.9128   -51.6475     34.700   261.9059   -52.3216     34.382   0.028818
   36.9890   -61.9250   284.8548   -51.6822     34.700   261.8336   -52.3437     34.389   0.028818
   37.0076   -61.8758   284.7967   -51.7169     34.700   261.7613   -52.3657     34.395   0.028818
   37.0262   -61.8266   284.7385   -51.7515     34.700   261.6889   -52.3876     34.401   0.028818
   37.0447   -61.7773   284.6802   -51.7862     34.700   261.6164   -52.4096     34.407   0.028818
   37.0632   -61.7281   284.6218   -51.8208     34.700   261.5439   -52.4314     34.414   0.028818
   37.0816   -61.6789   284.5634   -51.8553     34.700   261.4713   -52.4532     34.420   0.028818
   37.0999   -61.6296   284.5048   -51.8899     34.700   261.3986   -52.4749     34.426   0.028818
   37.1182   -61.5804   284.4462   -51.9244     34.700   261.3259   -52.4966     34.432   0.028818
   37.1364   -61.5312   284.3874   -51.9589     34.700   261.2531   -52.5183     34.439   0.028818
   37.1546   -61.4819   284.3286   -51.9933     34.700   261.1803   -52.5398     34.445   0.028818
   37.1727   -61.4327   284.2697   -52.0278     34.700   261.1074   -52.5614     34.451   0.028818
   37.1907   -61.3834   284.2107   -52.0622     34.700   261.0344   -52.5828     34.457   0.028818
   37.2087   -61.3342   284.1516   -52.0965     34.700   260.9614   -52.6043     34.464   0.028818
   37.2266   -61.2849   284.0924   -52.1309     34.700   260.8883   -52.6256     34.470   0.028818
   37.2445   -61.2357   284.0332   -52.1652     34.700   260.8152   -52.6469     34.476   0.028818
   37.2624   -61.1864   283.9738   -52.1995     34.700   260.7419   -52.6682     34.482   0.028818
   37.2801   -61.1371   283.9144   -52.2337     34.700   260.6687   -52.6894     34.489   0.028818
   37.2978   -61.0879   283.8548   -52.2679     34.700   260.5953   -52.7106     34.495   0.028818
   37.3155   -61.0386   283.7952   -52.3021     34.700   260.5219   -52.7316     34.501   0.028818
   37.3331   -60.9894   283.7354   -52.3363     34.700   260.4485   -52.7527     34.507   0.028818
   37.3506   -60.9401   283.6756   -52.3704     34.700   260.3749   -52.7737     34.514   0.028818
   37.3681   -60.8908   283.6157   -52.4045     34.700   260.3014   -52.7946     34.520   0.028818
   37.3856   -60.8415   283.5557   -52.4386     34.700   260.2277   -52.8155     34.526   0.028818
   37.4030   -60.7923   283.4956   -52.4726     34.700   260.1540   -52.8363     34.532   0.028818
   37.4203   -60.7430   283.4354   -52.5066     34.700   260.0802   -52.8571     34.539   0.028818
   37.4376   -60.6937   283.3751   -52.5406     34.700   260.0064   -52.8778     34.545   0.028818
   37.4548   -60.6444   283.3147   -52.5746     34.700   259.9325   -52.8984     34.551   0.028818
   37.4720   -60.5951   283.2542   -52.6085     34.700   259.8585   -52.9190     34.557   0.028818
   37.4891   -60.5458   283.1937   -52.6424     34.700   259.7845   -52.9396     34.564   0.028818
   37.5062   -60.4966   283.1330   -52.6762     34.700   259.7105   -52.9601     34.570   0.028818
   37.5232   -60.4473   283.0723   -52.7100     34.700   259.6363   -52.9805     34.576   0.028818
   37.5401   -60.3980   283.0114   -52.7438     34.700   259.5621   -53.0009     34.582   0.028818
   37.5570   -60.3487   282.9505   -52.7776     34.700   259.4879   -53.0212     34.589   0.028818
   37.5739   -60.2994   282.8894   -52.8113     34.700   259.4135   -53.0415     34.595   0.028818
   37.5907   -60.2501   282.8283   -52.8450     34.700   259.3392   -53.0617     34.601   0.028818
   37.6075   -60.2008   282.7671   -52.8787     34.700   259.2647   -53.0819     34.607   0.028818
   37.6242   -60.1515   282.7057   -52.9123     34.700   259.1902   -53.1020     34.614   0.028818
   37.6408   -60.1022   282.6443   -52.9459     34.700   259.1157   -53.1221     34.620   0.028818
   37.6575   -60.0529   282.5828   -52.9795     34.700   259.0410   -53.1421     34.626   0.028818
   37.6740   -60.0035   282.5212   -53.0130     34.700   258.9664   -53.1620     34.632   0.028818
   37.6905   -59.9542   282.4595   -53.0466     34.700   258.8916   -53.1819     34.639   0.028818
   37.7070   -59.9049   282.3977   -53.0800     34.700   258.8168   -53.2017     34.645   0.028818
   37.7234   -59.8556   282.3358   -53.1135     34.700   258.7420   -53.2215     34.651   0.028818
   37.7398   -59.8063   282.2738   -53.1469     34.700   258.6670   -53.2412     34.657   0.028818
   37.7561   -59.7570   282.2117   -53.1803     34.700   258.5921   -53.2609     34.664   0.028818
   37.7723   -59.7076   282.1495   -53.2136     34.700   258.5170   -53.2805     34.670   0.028818
   37.7886   -59.6583   282.0873   -53.2469     34.700   258.4419   -53.3000     34.676   0.028818
   37.8047   -59.6090   282.0249   -53.2802     34.700   258.3668   -53.3195     34.682   0.028818
   37.8209   -59.5597   281.9624   -53.3135     34.700   258.2915   -53.3390     34.689   0.028818
   37.8369   -59.5103   281.8998   -53.3467     34.700   258.2163   -53.3584     34.695   0.028818
   37.8530   -59.4610   281.8371   -53.3799     34.700   258.1409   -53.3777     34.701   0.028818
   37.8689   -59.4117   281.7744   -53.4130     34.700   258.0655   -53.3970     34.707   0.028818
   37.8849   -59.3623   281.7115   -53.4462     34.700   257.9901   -53.4162     34.713   0.028818
   37.9008   -59.3130   281.6485   -53.4792     34.700   257.9146   -53.4353     34.720   0.028818
   37.9166   -59.2636   281.5855   -53.5123     34.700   257.8390   -53.4544     34.726   0.028818
   37.9324   -59.2143   281.5223   -53.5453     34.700   257.7634   -53.4735     34.732   0.028818
   37.9482   -59.1650   281.4591   -53.5783     34.700   257.6877   -53.4925     34.738   0.028818
   37.9639   -59.1156   281.3957   -53.6113     34.700   257.6120   -53.5114     34.745   0.028818
   37.9795   -59.0663   281.3322   -53.6442     34.700   257.5362   -53.5303     34.751   0.028818
   37.9951   -59.0169   281.2687   -53.6771     34.700   257.4603   -53.5491     34.757   0.028818
   38.0107   -58.9676   281.2050   -53.7099     34.700   257.3844   -53.5679     34.763   0.028818
   38.0262   -58.9182   281.1413   -53.7427     34.700   257.3084   -53.5866     34.770   0.028818
   38.0417   -58.8688   281.0774   -53.7755     34.700   257.2324   -53.6052     34.776   0.028818
   38.0572   -58.8195   281.0135   -53.8083     34.700   257.1563   -53.6238     34.782   0.028818
   38.0726   -58.7701   280.9494   -53.8410     34.700   257.0802   -53.6424     34.788   0.028818
   38.0879   -58.7208   280.8853   -53.8737     34.700   257.0040   -53.6608     34.795   0.028818
   38.1032   -58.6714   280.8210   -53.9063     34.700   256.9277   -53.6793     34.801   0.028818
   38.1185   -58.6220   280.7567   -53.9390     34.700   256.8514   -53.6976     34.807   0.028818
   38.1337   -58.5727   280.6922   -53.9715     34.700   256.7750   -53.7160     34.813   0.028818
   38.1489   -58.5233   280.6276   -54.0041     34.700   256.6986   -53.7342     34.820   0.028818
   38.1640   -58.4739   280.5630   -54.0366     34.700   256.6221   -53.7524     34.826   0.028818
   38.1791   -58.4246   280.4982   -54.0691     34.700   256.5456   -53.7705     34.832   0.028818
   38.1941   -58.3752   280.4334   -54.1015     34.700   256.4690   -53.7886     34.838   0.028818
   38.2091   -58.3258   280.3684   -54.1339     34.700   256.3923   -53.8066     34.844   0.028818
