#   RA_deg    DEC_deg      l_deg      b_deg   Rhel_kpc    phi_deg  theta_deg   Rgal_kpc parallax_mas
  321.0882   -48.9694   349.6210   -44.8705     -1.000    -1.0000    -1.0000     -1.000    -1.000000
  321.1643   -48.9694   349.6094   -44.9198     -1.000    -1.0000    -1.0000     -1.000    -1.000000
  321.2405   -48.9693   349.5979   -44.9691     -1.000    -1.0000    -1.0000     -1.000    -1.000000
  321.3167   -48.9692   349.5863   -45.0184     -1.000    -1.0000    -1.0000     -1.000    -1.000000
  321.3928   -48.9690   349.5746   -45.0678     -1.000    -1.0000    -1.0000     -1.000    -1.000000
  321.4690   -48.9688   349.5630   -45.1171     -1.000    -1.0000    -1.0000     -1.000    -1.000000
  321.5452   -48.9685   349.5513   -45.1664     -1.000    -1.0000    -1.0000     -1.000    -1.000000
  321.6213   -48.9682   349.5396   -45.2157     -1.000    -1.0000    -1.0000     -1.000    -1.000000
  321.6975   -48.9678   349.5279   -45.2650     -1.000    -1.0000    -1.0000     -1.000    -1.000000
  321.7737   -48.9674   349.5162   -45.3143     -1.000    -1.0000    -1.0000     -1.000    -1.000000
  321.8498   -48.9669   349.5044   -45.3637     -1.000    -1.0000    -1.0000     -1.000    -1.000000
  321.9260   -48.9664   349.4927   -45.4130     -1.000    -1.0000    -1.0000     -1.000    -1.000000
  322.0021   -48.9658   349.4809   -45.4623     -1.000    -1.0000    -1.0000     -1.000    -1.000000
  322.0783   -48.9651   349.4691   -45.5116     -1.000    -1.0000    -1.0000     -1.000    -1.000000
  322.1544   -48.9645   349.4572   -45.5609     -1.000    -1.0000    -1.0000     -1.000    -1.000000
  322.2306   -48.9637   349.4454   -45.6102     -1.000    -1.0000    -1.0000     -1.000    -1.000000
  322.3067   -48.9630   349.4335   -45.6595     -1.000    -1.0000    -1.0000     -1.000    -1.000000
  322.3829   -48.9621   349.4216   -45.7088     -1.000    -1.0000    -1.0000     -1.000    -1.000000
  322.4590   -48.9613   349.4097   -45.7581     -1.000    -1.0000    -1.0000     -1.000    -1.000000
  322.5352   -48.9603   349.3977   -45.8074     -1.000    -1.0000    -1.0000     -1.000    -1.000000
  322.6113   -48.9594   349.3858   -45.8567     -1.000    -1.0000    -1.0000     -1.000    -1.000000
  322.6874   -48.9583   349.3738   -45.9060     -1.000    -1.0000    -1.0000     -1.000    -1.000000
  322.7636   -48.9573   349.3618   -45.9553     -1.000    -1.0000    -1.0000     -1.000    -1.000000
  322.8397   -48.9561   349.3498   -46.0046     -1.000    -1.0000    -1.0000     -1.000    -1.000000
  322.9158   -48.9549   349.3377   -46.0539     -1.000    -1.0000    -1.0000     -1.000    -1.000000
  322.9919   -48.9537   349.3257   -46.1032     -1.000    -1.0000    -1.0000     -1.000    -1.000000
  323.0680   -48.9524   349.3136   -46.1525     -1.000    -1.0000    -1.0000     -1.000    -1.000000
  323.1442   -48.9511   349.3015   -46.2018     -1.000    -1.0000    -1.0000     -1.000    -1.000000
  323.2203   -48.9497   349.2894   -46.2511     -1.000    -1.0000    -1.0000     -1.000    -1.000000
  323.2964   -48.9483   349.2772   -46.3004     -1.000    -1.0000    -1.0000     -1.000    -1.000000
  323.3725   -48.9468   349.2650   -46.3497     -1.000    -1.0000    -1.0000     -1.000    -1.000000
  323.4486   -48.9453   349.2528   -46.3990     -1.000    -1.0000    -1.0000     -1.000    -1.000000
  323.5247   -48.9437   349.2406   -46.4482     -1.000    -1.0000    -1.0000     -1.000    -1.000000
  323.6007   -48.9421   349.2284   -46.4975     -1.000    -1.0000    -1.0000     -1.000    -1.000000
  323.6768   -48.9404   349.2161   -46.5468     -1.000    -1.0000    -1.0000     -1.000    -1.000000
  323.7529   -48.9387   349.2038   -46.5961     -1.000    -1.0000    -1.0000     -1.000    -1.000000
  323.8290   -48.9369   349.1915   -46.6454     -1.000    -1.0000    -1.0000     -1.000    -1.000000
  323.9050   -48.9351   349.1792   -46.6946     -1.000    -1.0000    -1.0000     -1.000    -1.000000
  323.9811   -48.9332   349.1668   -46.7439     -1.000    -1.0000    -1.0000     -1.000    -1.000000
  324.0571   -48.9313   349.1545   -46.7932     -1.000    -1.0000    -1.0000     -1.000    -1.000000
  324.1332   -48.9293   349.1421   -46.8425     -1.000    -1.0000    -1.0000     -1.000    -1.000000
  324.2092   -48.9273   349.1296   -46.8917     -1.000    -1.0000    -1.0000     -1.000    -1.000000
  324.2853   -48.9252   349.1172   -46.9410     -1.000    -1.0000    -1.0000     -1.000    -1.000000
  324.3613   -48.9231   349.1047   -46.9903     -1.000    -1.0000    -1.0000     -1.000    -1.000000
  324.4373   -48.9209   349.0923   -47.0396     -1.000    -1.0000    -1.0000     -1.000    -1.000000
  324.5133   -48.9187   349.0797   -47.0888     -1.000    -1.0000    -1.0000     -1.000    -1.000000
  324.5893   -48.9164   349.0672   -47.1381     -1.000    -1.0000    -1.0000     -1.000    -1.000000
  324.6653   -48.9140   349.0546   -47.1874     -1.000    -1.0000    -1.0000     -1.000    -1.000000
  324.7413   -48.9117   349.0421   -47.2366     -1.000    -1.0000    -1.0000     -1.000    -1.000000
  324.8173   -48.9092   349.0295   -47.2859     -1.000    -1.0000    -1.0000     -1.000    -1.000000
  324.8933   -48.9068   349.0168   -47.3352     -1.000    -1.0000    -1.0000     -1.000    -1.000000
  324.9693   -48.9042   349.0042   -47.3844     -1.000    -1.0000    -1.0000     -1.000    -1.000000
  325.0452   -48.9017   348.9915   -47.4337     -1.000    -1.0000    -1.0000     -1.000    -1.000000
  325.1212   -48.8990   348.9788   -47.4829     -1.000    -1.0000    -1.0000     -1.000    -1.000000
  325.1971   -48.8963   348.9661   -47.5322     -1.000    -1.0000    -1.0000     -1.000    -1.000000
  325.2731   -48.8936   348.9533   -47.5814     -1.000    -1.0000    -1.0000     -1.000    -1.000000
  325.3490   -48.8908   348.9406   -47.6307     -1.000    -1.0000    -1.0000     -1.000    -1.000000
  325.4249   -48.8880   348.9278   -47.6799     -1.000    -1.0000    -1.0000     -1.000    -1.000000
  325.5008   -48.8851   348.9150   -47.7292     -1.000    -1.0000    -1.0000     -1.000    -1.000000
  325.5767   -48.8822   348.9021   -47.7784     -1.000    -1.0000    -1.0000     -1.000    -1.000000
  325.6526   -48.8792   348.8892   -47.8277     -1.000    -1.0000    -1.0000     -1.000    -1.000000
  325.7285   -48.8762   348.8763   -47.8769     -1.000    -1.0000    -1.0000     -1.000    -1.000000
  325.8044   -48.8731   348.8634   -47.9262     -1.000    -1.0000    -1.0000     -1.000    -1.000000
  325.8803   -48.8700   348.8505   -47.9754     -1.000    -1.0000    -1.0000     -1.000    -1.000000
  325.9561   -48.8668   348.8375   -48.0247     -1.000    -1.0000    -1.0000     -1.000    -1.000000
  326.0320   -48.8636   348.8245   -48.0739     -1.000    -1.0000    -1.0000     -1.000    -1.000000
  326.1078   -48.8603   348.8115   -48.1231     -1.000    -1.0000    -1.0000     -1.000    -1.000000
  326.1836   -48.8570   348.7985   -48.1724     -1.000    -1.0000    -1.0000     -1.000    -1.000000
  326.2595   -48.8536   348.7854   -48.2216     -1.000    -1.0000    -1.0000     -1.000    -1.000000
  326.3353   -48.8502   348.7723   -48.2708     -1.000    -1.0000    -1.0000     -1.000    -1.000000
  326.4111   -48.8467   348.7592   -48.3201     -1.000    -1.0000    -1.0000     -1.000    -1.000000
  326.4869   -48.8432   348.7461   -48.3693     -1.000    -1.0000    -1.0000     -1.000    -1.000000
  326.5626   -48.8396   348.7329   -48.4185     -1.000    -1.0000    -1.0000     -1.000    -1.000000
  326.6384   -48.8360   348.7197   -48.4678     -1.000    -1.0000    -1.0000     -1.000    -1.000000
  326.7142   -48.8323   348.7065   -48.5170     -1.000    -1.0000    -1.0000     -1.000    -1.000000
  326.7899   -48.8286   348.6932   -48.5662     -1.000    -1.0000    -1.0000     -1.000    -1.000000
  326.8656   -48.8248   348.6800   -48.6154     -1.000    -1.0000    -1.0000     -1.000    -1.000000
  326.9413   -48.8210   348.6667   -48.6647     -1.000    -1.0000    -1.0000     -1.000    -1.000000
  327.0171   -48.8172   348.6533   -48.7139     -1.000    -1.0000    -1.0000     -1.000    -1.000000
  327.0928   -48.8132   348.6400   -48.7631     -1.000    -1.0000    -1.0000     -1.000    -1.000000
  327.1684   -48.8093   348.6266   -48.8123     -1.000    -1.0000    -1.0000     -1.000    -1.000000
  327.2441   -48.8052   348.6132   -48.8615     -1.000    -1.0000    -1.0000     -1.000    -1.000000
  327.3198   -48.8012   348.5998   -48.9108     -1.000    -1.0000    -1.0000     -1.000    -1.000000
  327.3954   -48.7971   348.5863   -48.9600     -1.000    -1.0000    -1.0000     -1.000    -1.000000
  327.4711   -48.7929   348.5729   -49.0092     -1.000    -1.0000    -1.0000     -1.000    -1.000000
  327.5467   -48.7887   348.5594   -49.0584     -1.000    -1.0000    -1.0000     -1.000    -1.000000
  327.6223   -48.7844   348.5458   -49.1076     -1.000    -1.0000    -1.0000     -1.000    -1.000000
  327.6979   -48.7801   348.5323   -49.1568     -1.000    -1.0000    -1.0000     -1.000    -1.000000
  327.7735   -48.7757   348.5187   -49.2060     -1.000    -1.0000    -1.0000     -1.000    -1.000000
  327.8491   -48.7713   348.5051   -49.2552     -1.000    -1.0000    -1.0000     -1.000    -1.000000
  327.9246   -48.7668   348.4914   -49.3044     -1.000    -1.0000    -1.0000     -1.000    -1.000000
  328.0002   -48.7623   348.4778   -49.3536     -1.000    -1.0000    -1.0000     -1.000    -1.000000
  328.0757   -48.7578   348.4641   -49.4028     -1.000    -1.0000    -1.0000     -1.000    -1.000000
  328.1512   -48.7531   348.4503   -49.4520     -1.000    -1.0000    -1.0000     -1.000    -1.000000
  328.2267   -48.7485   348.4366   -49.5012     -1.000    -1.0000    -1.0000     -1.000    -1.000000
  328.3022   -48.7438   348.4228   -49.5504     -1.000    -1.0000    -1.0000     -1.000    -1.000000
  328.3777   -48.7390   348.4090   -49.5996     -1.000    -1.0000    -1.0000     -1.000    -1.000000
  328.4531   -48.7342   348.3952   -49.6488     -1.000    -1.0000    -1.0000     -1.000    -1.000000
  328.5286   -48.7293   348.3813   -49.6980     -1.000    -1.0000    -1.0000     -1.000    -1.000000
  328.6040   -48.7244   348.3674   -49.7472     -1.000    -1.0000    -1.0000     -1.000    -1.000000
  328.6794   -48.7195   348.3535   -49.7963     -1.000    -1.0000    -1.0000     -1.000    -1.000000
  328.7548   -48.7145   348.3395   -49.8455     -1.000    -1.0000    -1.0000     -1.000    -1.000000
  328.8302   -48.7094   348.3256   -49.8947     -1.000    -1.0000    -1.0000     -1.000    -1.000000
  328.9056   -48.7043   348.3116   -49.9439     -1.000    -1.0000    -1.0000     -1.000    -1.000000
  328.9809   -48.6991   348.2975   -49.9931     -1.000    -1.0000    -1.0000     -1.000    -1.000000
  329.0563   -48.6939   348.2835   -50.0422     -1.000    -1.0000    -1.0000     -1.000    -1.000000
  329.1316   -48.6887   348.2694   -50.0914     -1.000    -1.0000    -1.0000     -1.000    -1.000000
  329.2069   -48.6834   348.2553   -50.1406     -1.000    -1.0000    -1.0000     -1.000    -1.000000
  329.2822   -48.6780   348.2411   -50.1898     -1.000    -1.0000    -1.0000     -1.000    -1.000000
  329.3575   -48.6726   348.2269   -50.2389     -1.000    -1.0000    -1.0000     -1.000    -1.000000
  329.4328   -48.6672   348.2127   -50.2881     -1.000    -1.0000    -1.0000     -1.000    -1.000000
  329.5080   -48.6617   348.1985   -50.3373     -1.000    -1.0000    -1.0000     -1.000    -1.000000
  329.5832   -48.6561   348.1842   -50.3864     -1.000    -1.0000    -1.0000     -1.000    -1.000000
  329.6584   -48.6505   348.1699   -50.4356     -1.000    -1.0000    -1.0000     -1.000    -1.000000
  329.7336   -48.6449   348.1556   -50.4848     -1.000    -1.0000    -1.0000     -1.000    -1.000000
  329.8088   -48.6392   348.1413   -50.5339     -1.000    -1.0000    -1.0000     -1.000    -1.000000
  329.8840   -48.6335   348.1269   -50.5831     -1.000    -1.0000    -1.0000     -1.000    -1.000000
  329.9591   -48.6277   348.1125   -50.6322     -1.000    -1.0000    -1.0000     -1.000    -1.000000
  330.0342   -48.6218   348.0980   -50.6814     -1.000    -1.0000    -1.0000     -1.000    -1.000000
  330.1093   -48.6159   348.0835   -50.7305     -1.000    -1.0000    -1.0000     -1.000    -1.000000
  330.1844   -48.6100   348.0690   -50.7797     -1.000    -1.0000    -1.0000     -1.000    -1.000000
  330.2595   -48.6040   348.0545   -50.8288     -1.000    -1.0000    -1.0000     -1.000    -1.000000
  330.3346   -48.5980   348.0399   -50.8780     -1.000    -1.0000    -1.0000     -1.000    -1.000000
  330.4096   -48.5919   348.0253   -50.9271     -1.000    -1.0000    -1.0000     -1.000    -1.000000
  330.4846   -48.5858   348.0107   -50.9763     -1.000    -1.0000    -1.0000     -1.000    -1.000000
  330.5596   -48.5796   347.9960   -51.0254     -1.000    -1.0000    -1.0000     -1.000    -1.000000
  330.6346   -48.5733   347.9814   -51.0746     -1.000    -1.0000    -1.0000     -1.000    -1.000000
  330.7096   -48.5671   347.9666   -51.1237     -1.000    -1.0000    -1.0000     -1.000    -1.000000
  330.7845   -48.5607   347.9519   -51.1728     -1.000    -1.0000    -1.0000     -1.000    -1.000000
  330.8594   -48.5544   347.9371   -51.2220     -1.000    -1.0000    -1.0000     -1.000    -1.000000
  330.9344   -48.5479   347.9223   -51.2711     -1.000    -1.0000    -1.0000     -1.000    -1.000000
  331.0092   -48.5415   347.9074   -51.3202     -1.000    -1.0000    -1.0000     -1.000    -1.000000
  331.0841   -48.5349   347.8926   -51.3694     -1.000    -1.0000    -1.0000     -1.000    -1.000000
  331.1590   -48.5284   347.8776   -51.4185     -1.000    -1.0000    -1.0000     -1.000    -1.000000
  331.2338   -48.5217   347.8627   -51.4676     -1.000    -1.0000    -1.0000     -1.000    -1.000000
  331.3086   -48.5151   347.8477   -51.5167     -1.000    -1.0000    -1.0000     -1.000    -1.000000
  331.3834   -48.5084   347.8327   -51.5658     -1.000    -1.0000    -1.0000     -1.000    -1.000000
  331.4582   -48.5016   347.8177   -51.6150     -1.000    -1.0000    -1.0000     -1.000    -1.000000
  331.5329   -48.4948   347.8026   -51.6641     -1.000    -1.0000    -1.0000     -1.000    -1.000000
  331.6077   -48.4879   347.7875   -51.7132     -1.000    -1.0000    -1.0000     -1.000    -1.000000
  331.6824   -48.4810   347.7724   -51.7623     -1.000    -1.0000    -1.0000     -1.000    -1.000000
  331.7571   -48.4741   347.7572   -51.8114     -1.000    -1.0000    -1.0000     -1.000    -1.000000
  331.8317   -48.4670   347.7420   -51.8605     -1.000    -1.0000    -1.0000     -1.000    -1.000000
  331.9064   -48.4600   347.7267   -51.9096     -1.000    -1.0000    -1.0000     -1.000    -1.000000
  331.9810   -48.4529   347.7115   -51.9587     -1.000    -1.0000    -1.0000     -1.000    -1.000000
  332.0556   -48.4457   347.6962   -52.0078     -1.000    -1.0000    -1.0000     -1.000    -1.000000
  332.1302   -48.4385   347.6808   -52.0570     -1.000    -1.0000    -1.0000     -1.000    -1.000000
  332.2048   -48.4313   347.6655   -52.1061     -1.000    -1.0000    -1.0000     -1.000    -1.000000
  332.2793   -48.4240   347.6501   -52.1551     -1.000    -1.0000    -1.0000     -1.000    -1.000000
  332.3538   -48.4166   347.6346   -52.2042     -1.000    -1.0000    -1.0000     -1.000    -1.000000
  332.4283   -48.4093   347.6191   -52.2533     -1.000    -1.0000    -1.0000     -1.000    -1.000000
  332.5028   -48.4018   347.6036   -52.3024     -1.000    -1.0000    -1.0000     -1.000    -1.000000
  332.5773   -48.3943   347.5881   -52.3515     -1.000    -1.0000    -1.0000     -1.000    -1.000000
  332.6517   -48.3868   347.5725   -52.4006     -1.000    -1.0000    -1.0000     -1.000    -1.000000
  332.7261   -48.3792   347.5569   -52.4497     -1.000    -1.0000    -1.0000     -1.000    -1.000000
  332.8005   -48.3716   347.5412   -52.4988     -1.000    -1.0000    -1.0000     -1.000    -1.000000
  332.8749   -48.3639   347.5256   -52.5479     -1.000    -1.0000    -1.0000     -1.000    -1.000000
  332.9492   -48.3562   347.5099   -52.5969     -1.000    -1.0000    -1.0000     -1.000    -1.000000
  333.0235   -48.3484   347.4941   -52.6460     -1.000    -1.0000    -1.0000     -1.000    -1.000000
  333.0978   -48.3406   347.4783   -52.6951     -1.000    -1.0000    -1.0000     -1.000    -1.000000
  333.1721   -48.3327   347.4625   -52.7442     -1.000    -1.0000    -1.0000     -1.000    -1.000000
  333.2464   -48.3248   347.4466   -52.7932     -1.000    -1.0000    -1.0000     -1.000    -1.000000
  333.3206   -48.3168   347.4307   -52.8423     -1.000    -1.0000    -1.0000     -1.000    -1.000000
  333.3948   -48.3088   347.4148   -52.8914     -1.000    -1.0000    -1.0000     -1.000    -1.000000
  333.4690   -48.3007   347.3988   -52.9404     -1.000    -1.0000    -1.0000     -1.000    -1.000000
  333.5432   -48.2926   347.3828   -52.9895     -1.000    -1.0000    -1.0000     -1.000    -1.000000
  333.6173   -48.2845   347.3668   -53.0386     -1.000    -1.0000    -1.0000     -1.000    -1.000000
  333.6914   -48.2762   347.3507   -53.0876     -1.000    -1.0000    -1.0000     -1.000    -1.000000
  333.7655   -48.2680   347.3346   -53.1367     -1.000    -1.0000    -1.0000     -1.000    -1.000000
  333.8396   -48.2597   347.3185   -53.1857     -1.000    -1.0000    -1.0000     -1.000    -1.000000
  333.9136   -48.2513   347.3023   -53.2348     -1.000    -1.0000    -1.0000     -1.000    -1.000000
  333.9876   -48.2429   347.2860   -53.2838     -1.000    -1.0000    -1.0000     -1.000    -1.000000
  334.0616   -48.2345   347.2698   -53.3329     -1.000    -1.0000    -1.0000     -1.000    -1.000000
  334.1356   -48.2260   347.2535   -53.3819     -1.000    -1.0000    -1.0000     -1.000    -1.000000
  334.2095   -48.2175   347.2371   -53.4310     -1.000    -1.0000    -1.0000     -1.000    -1.000000
  334.2835   -48.2089   347.2208   -53.4800     -1.000    -1.0000    -1.0000     -1.000    -1.000000
  334.3574   -48.2003   347.2044   -53.5290     -1.000    -1.0000    -1.0000     -1.000    -1.000000
  334.4312   -48.1916   347.1879   -53.5781     -1.000    -1.0000    -1.0000     -1.000    -1.000000
  334.5051   -48.1828   347.1714   -53.6271     -1.000    -1.0000    -1.0000     -1.000    -1.000000
  334.5789   -48.1741   347.1549   -53.6761     -1.000    -1.0000    -1.0000     -1.000    -1.000000
  334.6527   -48.1652   347.1383   -53.7252     -1.000    -1.0000    -1.0000     -1.000    -1.000000
  334.7265   -48.1564   347.1217   -53.7742     -1.000    -1.0000    -1.0000     -1.000    -1.000000
  334.8002   -48.1475   347.1051   -53.8232     -1.000    -1.0000    -1.0000     -1.000    -1.000000
  334.8739   -48.1385   347.0884   -53.8722     -1.000    -1.0000    -1.0000     -1.000    -1.000000
  334.9476   -48.1295   347.0717   -53.9213     -1.000    -1.0000    -1.0000     -1.000    -1.000000
  335.0213   -48.1204   347.0549   -53.9703     -1.000    -1.0000    -1.0000     -1.000    -1.000000
  335.0949   -48.1113   347.0381   -54.0193     -1.000    -1.0000    -1.0000     -1.000    -1.000000
  335.1685   -48.1022   347.0213   -54.0683     -1.000    -1.0000    -1.0000     -1.000    -1.000000
  335.2421   -48.0930   347.0044   -54.1173     -1.000    -1.0000    -1.0000     -1.000    -1.000000
  335.3157   -48.0837   346.9875   -54.1663     -1.000    -1.0000    -1.0000     -1.000    -1.000000
  335.3892   -48.0744   346.9705   -54.2153     -1.000    -1.0000    -1.0000     -1.000    -1.000000
  335.4627   -48.0651   346.9535   -54.2643     -1.000    -1.0000    -1.0000     -1.000    -1.000000
  335.5362   -48.0557   346.9365   -54.3133     -1.000    -1.0000    -1.0000     -1.000    -1.000000
  335.6096   -48.0463   346.9194   -54.3623     -1.000    -1.0000    -1.0000     -1.000    -1.000000
  335.6831   -48.0368   346.9023   -54.4113     -1.000    -1.0000    -1.0000     -1.000    -1.000000
  335.7565   -48.0273   346.8851   -54.4603     -1.000    -1.0000    -1.0000     -1.000    -1.000000
  335.8298   -48.0177   346.8679   -54.5093     -1.000    -1.0000    -1.0000     -1.000    -1.000000
  335.9032   -48.0081   346.8507   -54.5583     -1.000    -1.0000    -1.0000     -1.000    -1.000000
  335.9765   -47.9984   346.8334   -54.6073     -1.000    -1.0000    -1.0000     -1.000    -1.000000
  336.0498   -47.9887   346.8161   -54.6563     -1.000    -1.0000    -1.0000     -1.000    -1.000000
  336.1231   -47.9789   346.7987   -54.7052     -1.000    -1.0000    -1.0000     -1.000    -1.000000
  336.1963   -47.9691   346.7813   -54.7542     -1.000    -1.0000    -1.0000     -1.000    -1.000000
  336.2695   -47.9593   346.7638   -54.8032     -1.000    -1.0000    -1.0000     -1.000    -1.000000
  336.3427   -47.9494   346.7463   -54.8522     -1.000    -1.0000    -1.0000     -1.000    -1.000000
  336.4158   -47.9394   346.7288   -54.9011     -1.000    -1.0000    -1.0000     -1.000    -1.000000
  336.4890   -47.9294   346.7112   -54.9501     -1.000    -1.0000    -1.0000     -1.000    -1.000000
  336.5621   -47.9194   346.6936   -54.9991     -1.000    -1.0000    -1.0000     -1.000    -1.000000
  336.6351   -47.9093   346.6759   -55.0480     -1.000    -1.0000    -1.0000     -1.000    -1.000000
  336.7082   -47.8992   346.6582   -55.0970     -1.000    -1.0000    -1.0000     -1.000    -1.000000
  336.7812   -47.8890   346.6405   -55.1460     -1.000    -1.0000    -1.0000     -1.000    -1.000000
  336.8542   -47.8787   346.6227   -55.1949     -1.000    -1.0000    -1.0000     -1.000    -1.000000
  336.9271   -47.8685   346.6048   -55.2439     -1.000    -1.0000    -1.0000     -1.000    -1.000000
  337.0000   -47.8582   346.5869   -55.2928     -1.000    -1.0000    -1.0000     -1.000    -1.000000
  337.0729   -47.8478   346.5690   -55.3418     -1.000    -1.0000    -1.0000     -1.000    -1.000000
  337.1458   -47.8374   346.5510   -55.3907     -1.000    -1.0000    -1.0000     -1.000    -1.000000
  337.2186   -47.8269   346.5330   -55.4397     -1.000    -1.0000    -1.0000     -1.000    -1.000000
  337.2914   -47.8164   346.5150   -55.4886     -1.000    -1.0000    -1.0000     -1.000    -1.000000
  337.3642   -47.8059   346.4968   -55.5375     -1.000    -1.0000    -1.0000     -1.000    -1.000000
  337.4369   -47.7953   346.4787   -55.5865     -1.000    -1.0000    -1.0000     -1.000    -1.000000
  337.5097   -47.7846   346.4605   -55.6354     -1.000    -1.0000    -1.0000     -1.000    -1.000000
  337.5824   -47.7740   346.4423   -55.6843     -1.000    -1.0000    -1.0000     -1.000    -1.000000
  337.6550   -47.7632   346.4240   -55.7333     -1.000    -1.0000    -1.0000     -1.000    -1.000000
  337.7276   -47.7525   346.4056   -55.7822     -1.000    -1.0000    -1.0000     -1.000    -1.000000
  337.8002   -47.7416   346.3872   -55.8311     -1.000    -1.0000    -1.0000     -1.000    -1.000000
  337.8728   -47.7308   346.3688   -55.8800     -1.000    -1.0000    -1.0000     -1.000    -1.000000
  337.9453   -47.7198   346.3503   -55.9289     -1.000    -1.0000    -1.0000     -1.000    -1.000000
  338.0178   -47.7089   346.3318   -55.9779     -1.000    -1.0000    -1.0000     -1.000    -1.000000
  338.0903   -47.6979   346.3133   -56.0268     -1.000    -1.0000    -1.0000     -1.000    -1.000000
  338.1628   -47.6868   346.2946   -56.0757     -1.000    -1.0000    -1.0000     -1.000    -1.000000
  338.2352   -47.6757   346.2760   -56.1246     -1.000    -1.0000    -1.0000     -1.000    -1.000000
  338.3076   -47.6646   346.2573   -56.1735     -1.000    -1.0000    -1.0000     -1.000    -1.000000
  338.3799   -47.6534   346.2385   -56.2224     -1.000    -1.0000    -1.0000     -1.000    -1.000000
  338.4522   -47.6422   346.2197   -56.2713     -1.000    -1.0000    -1.0000     -1.000    -1.000000
  338.5245   -47.6309   346.2008   -56.3202     -1.000    -1.0000    -1.0000     -1.000    -1.000000
  338.5968   -47.6196   346.1819   -56.3691     -1.000    -1.0000    -1.0000     -1.000    -1.000000
  338.6690   -47.6082   346.1630   -56.4179     -1.000    -1.0000    -1.0000     -1.000    -1.000000
  338.7412   -47.5968   346.1440   -56.4668     -1.000    -1.0000    -1.0000     -1.000    -1.000000
  338.8134   -47.5853   346.1249   -56.5157     -1.000    -1.0000    -1.0000     -1.000    -1.000000
  338.8855   -47.5738   346.1059   -56.5646     -1.000    -1.0000    -1.0000     -1.000    -1.000000
  338.9576   -47.5623   346.0867   -56.6135     -1.000    -1.0000    -1.0000     -1.000    -1.000000
  339.0297   -47.5507   346.0675   -56.6623     -1.000    -1.0000    -1.0000     -1.000    -1.000000
  339.1017   -47.5390   346.0483   -56.7112     -1.000    -1.0000    -1.0000     -1.000    -1.000000
  339.1737   -47.5273   346.0290   -56.7601     -1.000    -1.0000    -1.0000     -1.000    -1.000000
  339.2457   -47.5156   346.0096   -56.8089     -1.000    -1.0000    -1.0000     -1.000    -1.000000
  339.3176   -47.5038   345.9902   -56.8578     -1.000    -1.0000    -1.0000     -1.000    -1.000000
  339.3895   -47.4920   345.9708   -56.9067     -1.000    -1.0000    -1.0000     -1.000    -1.000000
  339.4614   -47.4801   345.9513   -56.9555     -1.000    -1.0000    -1.0000     -1.000    -1.000000
  339.5333   -47.4682   345.9317   -57.0044     -1.000    -1.0000    -1.0000     -1.000    -1.000000
  339.6051   -47.4563   345.9121   -57.0532     -1.000    -1.0000    -1.0000     -1.000    -1.000000
  339.6768   -47.4443   345.8925   -57.1021     -1.000    -1.0000    -1.0000     -1.000    -1.000000
  339.7486   -47.4322   345.8728   -57.1509     -1.000    -1.0000    -1.0000     -1.000    -1.000000
  339.8203   -47.4201   345.8530   -57.1997     -1.000    -1.0000    -1.0000     -1.000    -1.000000
  339.8920   -47.4080   345.8332   -57.2486     -1.000    -1.0000    -1.0000     -1.000    -1.000000
  339.9636   -47.3958   345.8133   -57.2974     -1.000    -1.0000    -1.0000     -1.000    -1.000000
  340.0352   -47.3836   345.7934   -57.3462     -1.000    -1.0000    -1.0000     -1.000    -1.000000
  340.1068   -47.3713   345.7735   -57.3951     -1.000    -1.0000    -1.0000     -1.000    -1.000000
  340.1784   -47.3590   345.7534   -57.4439     -1.000    -1.0000    -1.0000     -1.000    -1.000000
  340.2499   -47.3466   345.7334   -57.4927     -1.000    -1.0000    -1.0000     -1.000    -1.000000
  340.3214   -47.3342   345.7132   -57.5415     -1.000    -1.0000    -1.0000     -1.000    -1.000000
  340.3928   -47.3218   345.6930   -57.5903     -1.000    -1.0000    -1.0000     -1.000    -1.000000
  340.4642   -47.3093   345.6728   -57.6392     -1.000    -1.0000    -1.0000     -1.000    -1.000000
  340.5356   -47.2968   345.6525   -57.6880     -1.000    -1.0000    -1.0000     -1.000    -1.000000
  340.6069   -47.2842   345.6322   -57.7368     -1.000    -1.0000    -1.0000     -1.000    -1.000000
  340.6782   -47.2716   345.6118   -57.7856     -1.000    -1.0000    -1.0000     -1.000    -1.000000
  340.7495   -47.2589   345.5913   -57.8344     -1.000    -1.0000    -1.0000     -1.000    -1.000000
  340.8208   -47.2462   345.5708   -57.8832     -1.000    -1.0000    -1.0000     -1.000    -1.000000
  340.8920   -47.2334   345.5502   -57.9319     -1.000    -1.0000    -1.0000     -1.000    -1.000000
  340.9631   -47.2206   345.5296   -57.9807     -1.000    -1.0000    -1.0000     -1.000    -1.000000
  341.0343   -47.2078   345.5089   -58.0295     -1.000    -1.0000    -1.0000     -1.000    -1.000000
  341.1054   -47.1949   345.4882   -58.0783     -1.000    -1.0000    -1.0000     -1.000    -1.000000
  341.1765   -47.1820   345.4674   -58.1271     -1.000    -1.0000    -1.0000     -1.000    -1.000000
  341.2475   -47.1690   345.4466   -58.1759     -1.000    -1.0000    -1.0000     -1.000    -1.000000
  341.3185   -47.1560   345.4256   -58.2246     -1.000    -1.0000    -1.0000     -1.000    -1.000000
  341.3895   -47.1429   345.4047   -58.2734     -1.000    -1.0000    -1.0000     -1.000    -1.000000
  341.4604   -47.1298   345.3837   -58.3222     -1.000    -1.0000    -1.0000     -1.000    -1.000000
  341.5313   -47.1166   345.3626   -58.3709     -1.000    -1.0000    -1.0000     -1.000    -1.000000
  341.6021   -47.1034   345.3414   -58.4197     -1.000    -1.0000    -1.0000     -1.000    -1.000000
  341.6730   -47.0902   345.3202   -58.4684     -1.000    -1.0000    -1.0000     -1.000    -1.000000
  341.7438   -47.0769   345.2990   -58.5172     -1.000    -1.0000    -1.0000     -1.000    -1.000000
  341.8145   -47.0636   345.2777   -58.5659     -1.000    -1.0000    -1.0000     -1.000    -1.000000
  341.8852   -47.0502   345.2563   -58.6147     -1.000    -1.0000    -1.0000     -1.000    -1.000000
  341.9559   -47.0368   345.2349   -58.6634     -1.000    -1.0000    -1.0000     -1.000    -1.000000
  342.0266   -47.0234   345.2134   -58.7121     -1.000    -1.0000    -1.0000     -1.000    -1.000000
  342.0972   -47.0099   345.1918   -58.7609     -1.000    -1.0000    -1.0000     -1.000    -1.000000
  342.1678   -46.9963   345.1702   -58.8096     -1.000    -1.0000    -1.0000     -1.000    -1.000000
  342.2383   -46.9827   345.1485   -58.8583     -1.000    -1.0000    -1.0000     -1.000    -1.000000
  342.3088   -46.9691   345.1268   -58.9071     -1.000    -1.0000    -1.0000     -1.000    -1.000000
  342.3793   -46.9554   345.1050   -58.9558     -1.000    -1.0000    -1.0000     -1.000    -1.000000
  342.4497   -46.9417   345.0831   -59.0045     -1.000    -1.0000    -1.0000     -1.000    -1.000000
  342.5201   -46.9279   345.0612   -59.0532     -1.000    -1.0000    -1.0000     -1.000    -1.000000
  342.5905   -46.9141   345.0392   -59.1019     -1.000    -1.0000    -1.0000     -1.000    -1.000000
  342.6608   -46.9003   345.0172   -59.1506     -1.000    -1.0000    -1.0000     -1.000    -1.000000
  342.7311   -46.8864   344.9951   -59.1993     -1.000    -1.0000    -1.0000     -1.000    -1.000000
  342.8013   -46.8725   344.9729   -59.2480     -1.000    -1.0000    -1.0000     -1.000    -1.000000
  342.8715   -46.8585   344.9506   -59.2967     -1.000    -1.0000    -1.0000     -1.000    -1.000000
  342.9417   -46.8445   344.9283   -59.3454     -1.000    -1.0000    -1.0000     -1.000    -1.000000
  343.0119   -46.8304   344.9060   -59.3941     -1.000    -1.0000    -1.0000     -1.000    -1.000000
  343.0820   -46.8163   344.8836   -59.4427     -1.000    -1.0000    -1.0000     -1.000    -1.000000
  343.1520   -46.8022   344.8611   -59.4914     -1.000    -1.0000    -1.0000     -1.000    -1.000000
  343.2221   -46.7880   344.8385   -59.5401     -1.000    -1.0000    -1.0000     -1.000    -1.000000
  343.2921   -46.7737   344.8159   -59.5888     -1.000    -1.0000    -1.0000     -1.000    -1.000000
  343.3620   -46.7595   344.7932   -59.6374     -1.000    -1.0000    -1.0000     -1.000    -1.000000
  343.4319   -46.7451   344.7704   -59.6861     -1.000    -1.0000    -1.0000     -1.000    -1.000000
  343.5018   -46.7308   344.7476   -59.7347     -1.000    -1.0000    -1.0000     -1.000    -1.000000
  343.5717   -46.7164   344.7247   -59.7834     -1.000    -1.0000    -1.0000     -1.000    -1.000000
  343.6415   -46.7019   344.7018   -59.8321     -1.000    -1.0000    -1.0000     -1.000    -1.000000
  343.7113   -46.6874   344.6788   -59.8807     -1.000    -1.0000    -1.0000     -1.000    -1.000000
  343.7810   -46.6729   344.6557   -59.9293     -1.000    -1.0000    -1.0000     -1.000    -1.000000
  343.8507   -46.6583   344.6325   -59.9780     -1.000    -1.0000    -1.0000     -1.000    -1.000000
  343.9203   -46.6437   344.6093   -60.0266     -1.000    -1.0000    -1.0000     -1.000    -1.000000
  343.9900   -46.6291   344.5860   -60.0752     -1.000    -1.0000    -1.0000     -1.000    -1.000000
  344.0595   -46.6144   344.5626   -60.1239     -1.000    -1.0000    -1.0000     -1.000    -1.000000
  344.1291   -46.5996   344.5392   -60.1725     -1.000    -1.0000    -1.0000     -1.000    -1.000000
  344.1986   -46.5849   344.5157   -60.2211     -1.000    -1.0000    -1.0000     -1.000    -1.000000
  344.2681   -46.5700   344.4921   -60.2697     -1.000    -1.0000    -1.0000     -1.000    -1.000000
  344.3375   -46.5552   344.4685   -60.3183     -1.000    -1.0000    -1.0000     -1.000    -1.000000
  344.4069   -46.5402   344.4448   -60.3669     -1.000    -1.0000    -1.0000     -1.000    -1.000000
  344.4762   -46.5253   344.4210   -60.4155     -1.000    -1.0000    -1.0000     -1.000    -1.000000
  344.5456   -46.5103   344.3971   -60.4641     -1.000    -1.0000    -1.0000     -1.000    -1.000000
  344.6148   -46.4953   344.3732   -60.5127     -1.000    -1.0000    -1.0000     -1.000    -1.000000
  344.6841   -46.4802   344.3492   -60.5613     -1.000    -1.0000    -1.0000     -1.000    -1.000000
  344.7533   -46.4651   344.3251   -60.6099     -1.000    -1.0000    -1.0000     -1.000    -1.000000
  344.8225   -46.4499   344.3010   -60.6585     -1.000    -1.0000    -1.0000     -1.000    -1.000000
  344.8916   -46.4347   344.2768   -60.7070     -1.000    -1.0000    -1.0000     -1.000    -1.000000
  344.9607   -46.4195   344.2525   -60.7556     -1.000    -1.0000    -1.0000     -1.000    -1.000000
  345.0297   -46.4042   344.2281   -60.8042     -1.000    -1.0000    -1.0000     -1.000    -1.000000
  345.0987   -46.3889   344.2037   -60.8527     -1.000    -1.0000    -1.0000     -1.000    -1.000000
  345.1677   -46.3735   344.1792   -60.9013     -1.000    -1.0000    -1.0000     -1.000    -1.000000
  345.2366   -46.3581   344.1546   -60.9498     -1.000    -1.0000    -1.0000     -1.000    -1.000000
  345.3055   -46.3426   344.1299   -60.9984     -1.000    -1.0000    -1.0000     -1.000    -1.000000
  345.3744   -46.3271   344.1052   -61.0469     -1.000    -1.0000    -1.0000     -1.000    -1.000000
  345.4432   -46.3116   344.0804   -61.0955     -1.000    -1.0000    -1.0000     -1.000    -1.000000
  345.5120   -46.2960   344.0555   -61.1440     -1.000    -1.0000    -1.0000     -1.000    -1.000000
  345.5807   -46.2804   344.0306   -61.1925     -1.000    -1.0000    -1.0000     -1.000    -1.000000
  345.6494   -46.2647   344.0055   -61.2411     -1.000    -1.0000    -1.0000     -1.000    -1.000000
  345.7180   -46.2491   343.9804   -61.2896     -1.000    -1.0000    -1.0000     -1.000    -1.000000
  345.7867   -46.2333   343.9552   -61.3381     -1.000    -1.0000    -1.0000     -1.000    -1.000000
  345.8552   -46.2175   343.9299   -61.3866     -1.000    -1.0000    -1.0000     -1.000    -1.000000
  345.9238   -46.2017   343.9046   -61.4351     -1.000    -1.0000    -1.0000     -1.000    -1.000000
  345.9923   -46.1858   343.8791   -61.4836     -1.000    -1.0000    -1.0000     -1.000    -1.000000
  346.0607   -46.1699   343.8536   -61.5321     -1.000    -1.0000    -1.0000     -1.000    -1.000000
  346.1292   -46.1540   343.8280   -61.5806     -1.000    -1.0000    -1.0000     -1.000    -1.000000
  346.1975   -46.1380   343.8024   -61.6291     -1.000    -1.0000    -1.0000     -1.000    -1.000000
  346.2659   -46.1220   343.7766   -61.6776     -1.000    -1.0000    -1.0000     -1.000    -1.000000
  346.3342   -46.1059   343.7508   -61.7260     -1.000    -1.0000    -1.0000     -1.000    -1.000000
  346.4024   -46.0898   343.7249   -61.7745     -1.000    -1.0000    -1.0000     -1.000    -1.000000
  346.4707   -46.0737   343.6989   -61.8230     -1.000    -1.0000    -1.0000     -1.000    -1.000000
  346.5389   -46.0575   343.6728   -61.8714     -1.000    -1.0000    -1.0000     -1.000    -1.000000
  346.6070   -46.0412   343.6466   -61.9199     -1.000    -1.0000    -1.0000     -1.000    -1.000000
  346.6751   -46.0250   343.6204   -61.9683     -1.000    -1.0000    -1.0000     -1.000    -1.000000
  346.7432   -46.0087   343.5941   -62.0168     -1.000    -1.0000    -1.0000     -1.000    -1.000000
  346.8112   -45.9923   343.5676   -62.0652     -1.000    -1.0000    -1.0000     -1.000    -1.000000
  346.8792   -45.9759   343.5412   -62.1137     -1.000    -1.0000    -1.0000     -1.000    -1.000000
  346.9471   -45.9595   343.5146   -62.1621     -1.000    -1.0000    -1.0000     -1.000    -1.000000
  347.0150   -45.9430   343.4879   -62.2105     -1.000    -1.0000    -1.0000     -1.000    -1.000000
  347.0829   -45.9265   343.4612   -62.2590     -1.000    -1.0000    -1.0000     -1.000    -1.000000
  347.1507   -45.9100   343.4343   -62.3074     -1.000    -1.0000    -1.0000     -1.000    -1.000000
  347.2185   -45.8934   343.4074   -62.3558     -1.000    -1.0000    -1.0000     -1.000    -1.000000
  347.2862   -45.8767   343.3804   -62.4042     -1.000    -1.0000    -1.0000     -1.000    -1.000000
  347.3539   -45.8601   343.3533   -62.4526     -1.000    -1.0000    -1.0000     -1.000    -1.000000
  347.4216   -45.8434   343.3261   -62.5010     -1.000    -1.0000    -1.0000     -1.000    -1.000000
  347.4892   -45.8266   343.2988   -62.5494     -1.000    -1.0000    -1.0000     -1.000    -1.000000
  347.5567   -45.8098   343.2715   -62.5978     -1.000    -1.0000    -1.0000     -1.000    -1.000000
  347.6243   -45.7930   343.2440   -62.6461     -1.000    -1.0000    -1.0000     -1.000    -1.000000
  347.6918   -45.7761   343.2165   -62.6945     -1.000    -1.0000    -1.0000     -1.000    -1.000000
  347.7592   -45.7592   343.1888   -62.7429     -1.000    -1.0000    -1.0000     -1.000    -1.000000
  347.8266   -45.7423   343.1611   -62.7913     -1.000    -1.0000    -1.0000     -1.000    -1.000000
  347.8940   -45.7253   343.1333   -62.8396     -1.000    -1.0000    -1.0000     -1.000    -1.000000
  347.9613   -45.7082   343.1054   -62.8880     -1.000    -1.0000    -1.0000     -1.000    -1.000000
  348.0286   -45.6912   343.0774   -62.9363     -1.000    -1.0000    -1.0000     -1.000    -1.000000
  348.0959   -45.6741   343.0493   -62.9847     -1.000    -1.0000    -1.0000     -1.000    -1.000000
  348.1631   -45.6569   343.0211   -63.0330     -1.000    -1.0000    -1.0000     -1.000    -1.000000
  348.2303   -45.6397   342.9928   -63.0813     -1.000    -1.0000    -1.0000     -1.000    -1.000000
  348.2974   -45.6225   342.9645   -63.1296     -1.000    -1.0000    -1.0000     -1.000    -1.000000
  348.3645   -45.6052   342.9360   -63.1780     -1.000    -1.0000    -1.0000     -1.000    -1.000000
  348.4315   -45.5879   342.9074   -63.2263     -1.000    -1.0000    -1.0000     -1.000    -1.000000
  348.4985   -45.5706   342.8788   -63.2746     -1.000    -1.0000    -1.0000     -1.000    -1.000000
  348.5655   -45.5532   342.8500   -63.3229     -1.000    -1.0000    -1.0000     -1.000    -1.000000
  348.6324   -45.5358   342.8212   -63.3712     -1.000    -1.0000    -1.0000     -1.000    -1.000000
  348.6993   -45.5183   342.7922   -63.4195     -1.000    -1.0000    -1.0000     -1.000    -1.000000
  348.7661   -45.5008   342.7632   -63.4678     -1.000    -1.0000    -1.0000     -1.000    -1.000000
  348.8329   -45.4833   342.7340   -63.5160     -1.000    -1.0000    -1.0000     -1.000    -1.000000
  348.8996   -45.4657   342.7048   -63.5643     -1.000    -1.0000    -1.0000     -1.000    -1.000000
  348.9664   -45.4481   342.6755   -63.6126     -1.000    -1.0000    -1.0000     -1.000    -1.000000
  349.0330   -45.4304   342.6460   -63.6608     -1.000    -1.0000    -1.0000     -1.000    -1.000000
  349.0996   -45.4127   342.6165   -63.7091     -1.000    -1.0000    -1.0000     -1.000    -1.000000
  349.1662   -45.3950   342.5868   -63.7573     -1.000    -1.0000    -1.0000     -1.000    -1.000000
  349.2328   -45.3772   342.5571   -63.8056     -1.000    -1.0000    -1.0000     -1.000    -1.000000
  349.2993   -45.3594   342.5272   -63.8538     -1.000    -1.0000    -1.0000     -1.000    -1.000000
  349.3657   -45.3416   342.4973   -63.9020     -1.000    -1.0000    -1.0000     -1.000    -1.000000
  349.4322   -45.3237   342.4672   -63.9503     -1.000    -1.0000    -1.0000     -1.000    -1.000000
  349.4985   -45.3057   342.4371   -63.9985     -1.000    -1.0000    -1.0000     -1.000    -1.000000
  349.5649   -45.2878   342.4068   -64.0467     -1.000    -1.0000    -1.0000     -1.000    -1.000000
  349.6312   -45.2698   342.3765   -64.0949     -1.000    -1.0000    -1.0000     -1.000    -1.000000
  349.6974   -45.2517   342.3460   -64.1431     -1.000    -1.0000    -1.0000     -1.000    -1.000000
  349.7636   -45.2337   342.3154   -64.1913     -1.000    -1.0000    -1.0000     -1.000    -1.000000
  349.8298   -45.2155   342.2847   -64.2395     -1.000    -1.0000    -1.0000     -1.000    -1.000000
  349.8959   -45.1974   342.2540   -64.2877     -1.000    -1.0000    -1.0000     -1.000    -1.000000
  349.9620   -45.1792   342.2231   -64.3358     -1.000    -1.0000    -1.0000     -1.000    -1.000000
  350.0280   -45.1610   342.1920   -64.3840     -1.000    -1.0000    -1.0000     -1.000    -1.000000
  350.0940   -45.1427   342.1609   -64.4322     -1.000    -1.0000    -1.0000     -1.000    -1.000000
  350.1600   -45.1244   342.1297   -64.4803     -1.000    -1.0000    -1.0000     -1.000    -1.000000
  350.2259   -45.1060   342.0984   -64.5285     -1.000    -1.0000    -1.0000     -1.000    -1.000000
  350.2917   -45.0876   342.0669   -64.5766     -1.000    -1.0000    -1.0000     -1.000    -1.000000
  350.3576   -45.0692   342.0354   -64.6247     -1.000    -1.0000    -1.0000     -1.000    -1.000000
  350.4234   -45.0508   342.0037   -64.6729     -1.000    -1.0000    -1.0000     -1.000    -1.000000
  350.4891   -45.0323   341.9719   -64.7210     -1.000    -1.0000    -1.0000     -1.000    -1.000000
  350.5548   -45.0137   341.9400   -64.7691     -1.000    -1.0000    -1.0000     -1.000    -1.000000
  350.6205   -44.9952   341.9080   -64.8172     -1.000    -1.0000    -1.0000     -1.000    -1.000000
  350.6861   -44.9765   341.8759   -64.8653     -1.000    -1.0000    -1.0000     -1.000    -1.000000
  350.7516   -44.9579   341.8437   -64.9134     -1.000    -1.0000    -1.0000     -1.000    -1.000000
  350.8172   -44.9392   341.8113   -64.9615     -1.000    -1.0000    -1.0000     -1.000    -1.000000
  350.8827   -44.9205   341.7789   -65.0096     -1.000    -1.0000    -1.0000     -1.000    -1.000000
  350.9481   -44.9017   341.7463   -65.0576     -1.000    -1.0000    -1.0000     -1.000    -1.000000
  351.0135   -44.8829   341.7136   -65.1057     -1.000    -1.0000    -1.0000     -1.000    -1.000000
  351.0789   -44.8641   341.6807   -65.1537     -1.000    -1.0000    -1.0000     -1.000    -1.000000
  351.1442   -44.8452   341.6478   -65.2018     -1.000    -1.0000    -1.0000     -1.000    -1.000000
  351.2094   -44.8263   341.6147   -65.2498     -1.000    -1.0000    -1.0000     -1.000    -1.000000
  351.2747   -44.8074   341.5816   -65.2979     -1.000    -1.0000    -1.0000     -1.000    -1.000000
  304.1585   -47.7089   351.8324   -33.6996     -1.000    -1.0000    -1.0000     -1.000    -1.000000
  304.2310   -47.7198   351.8240   -33.7491     -1.000    -1.0000    -1.0000     -1.000    -1.000000
  304.3036   -47.7308   351.8156   -33.7986     -1.000    -1.0000    -1.0000     -1.000    -1.000000
  304.3761   -47.7416   351.8072   -33.8481     -1.000    -1.0000    -1.0000     -1.000    -1.000000
  304.4487   -47.7525   351.7988   -33.8976     -1.000    -1.0000    -1.0000     -1.000    -1.000000
  304.5214   -47.7632   351.7904   -33.9471     -1.000    -1.0000    -1.0000     -1.000    -1.000000
  304.5940   -47.7740   351.7819   -33.9967     -1.000    -1.0000    -1.0000     -1.000    -1.000000
  304.6667   -47.7846   351.7735   -34.0462     -1.000    -1.0000    -1.0000     -1.000    -1.000000
  304.7394   -47.7953   351.7650   -34.0957     -1.000    -1.0000    -1.0000     -1.000    -1.000000
  304.8122   -47.8059   351.7565   -34.1452     -1.000    -1.0000    -1.0000     -1.000    -1.000000
  304.8849   -47.8164   351.7481   -34.1947     -1.000    -1.0000    -1.0000     -1.000    -1.000000
  304.9577   -47.8269   351.7396   -34.2442     -1.000    -1.0000    -1.0000     -1.000    -1.000000
  305.0306   -47.8374   351.7311   -34.2937     -1.000    -1.0000    -1.0000     -1.000    -1.000000
  305.1034   -47.8478   351.7226   -34.3432     -1.000    -1.0000    -1.0000     -1.000    -1.000000
  305.1763   -47.8582   351.7140   -34.3927     -1.000    -1.0000    -1.0000     -1.000    -1.000000
  305.2493   -47.8685   351.7055   -34.4422     -1.000    -1.0000    -1.0000     -1.000    -1.000000
  305.3222   -47.8787   351.6970   -34.4917     -1.000    -1.0000    -1.0000     -1.000    -1.000000
  305.3952   -47.8890   351.6884   -34.5412     -1.000    -1.0000    -1.0000     -1.000    -1.000000
  305.4682   -47.8992   351.6799   -34.5907     -1.000    -1.0000    -1.0000     -1.000    -1.000000
  305.5412   -47.9093   351.6713   -34.6402     -1.000    -1.0000    -1.0000     -1.000    -1.000000
  305.6143   -47.9194   351.6627   -34.6897     -1.000    -1.0000    -1.0000     -1.000    -1.000000
  305.6874   -47.9294   351.6541   -34.7392     -1.000    -1.0000    -1.0000     -1.000    -1.000000
  305.7605   -47.9394   351.6455   -34.7887     -1.000    -1.0000    -1.0000     -1.000    -1.000000
  305.8337   -47.9494   351.6369   -34.8382     -1.000    -1.0000    -1.0000     -1.000    -1.000000
  305.9069   -47.9593   351.6283   -34.8877     -1.000    -1.0000    -1.0000     -1.000    -1.000000
  305.9801   -47.9691   351.6196   -34.9372     -1.000    -1.0000    -1.0000     -1.000    -1.000000
  306.0533   -47.9789   351.6110   -34.9867     -1.000    -1.0000    -1.0000     -1.000    -1.000000
  306.1266   -47.9887   351.6023   -35.0362     -1.000    -1.0000    -1.0000     -1.000    -1.000000
  306.1998   -47.9984   351.5937   -35.0857     -1.000    -1.0000    -1.0000     -1.000    -1.000000
  306.2732   -48.0081   351.5850   -35.1352     -1.000    -1.0000    -1.0000     -1.000    -1.000000
  306.3465   -48.0177   351.5763   -35.1847     -1.000    -1.0000    -1.0000     -1.000    -1.000000
  306.4199   -48.0273   351.5676   -35.2342     -1.000    -1.0000    -1.0000     -1.000    -1.000000
  306.4933   -48.0368   351.5589   -35.2836     -1.000    -1.0000    -1.0000     -1.000    -1.000000
  306.5667   -48.0463   351.5502   -35.3331     -1.000    -1.0000    -1.0000     -1.000    -1.000000
  306.6402   -48.0557   351.5415   -35.3826     -1.000    -1.0000    -1.0000     -1.000    -1.000000
  306.7136   -48.0651   351.5327   -35.4321     -1.000    -1.0000    -1.0000     -1.000    -1.000000
  306.7872   -48.0744   351.5240   -35.4816     -1.000    -1.0000    -1.0000     -1.000    -1.000000
  306.8607   -48.0837   351.5152   -35.5311     -1.000    -1.0000    -1.0000     -1.000    -1.000000
  306.9343   -48.0930   351.5064   -35.5806     -1.000    -1.0000    -1.0000     -1.000    -1.000000
  307.0078   -48.1022   351.4977   -35.6301     -1.000    -1.0000    -1.0000     -1.000    -1.000000
  307.0815   -48.1113   351.4889   -35.6796     -1.000    -1.0000    -1.0000     -1.000    -1.000000
  307.1551   -48.1204   351.4801   -35.7290     -1.000    -1.0000    -1.0000     -1.000    -1.000000
  307.2288   -48.1295   351.4712   -35.7785     -1.000    -1.0000    -1.0000     -1.000    -1.000000
  307.3025   -48.1385   351.4624   -35.8280     -1.000    -1.0000    -1.0000     -1.000    -1.000000
  307.3762   -48.1475   351.4536   -35.8775     -1.000    -1.0000    -1.0000     -1.000    -1.000000
  307.4499   -48.1564   351.4447   -35.9270     -1.000    -1.0000    -1.0000     -1.000    -1.000000
  307.5237   -48.1652   351.4359   -35.9765     -1.000    -1.0000    -1.0000     -1.000    -1.000000
  307.5975   -48.1741   351.4270   -36.0259     -1.000    -1.0000    -1.0000     -1.000    -1.000000
  307.6713   -48.1828   351.4181   -36.0754     -1.000    -1.0000    -1.0000     -1.000    -1.000000
  307.7451   -48.1916   351.4092   -36.1249     -1.000    -1.0000    -1.0000     -1.000    -1.000000
  307.8190   -48.2003   351.4003   -36.1744     -1.000    -1.0000    -1.0000     -1.000    -1.000000
  307.8929   -48.2089   351.3914   -36.2239     -1.000    -1.0000    -1.0000     -1.000    -1.000000
  307.9668   -48.2175   351.3825   -36.2733     -1.000    -1.0000    -1.0000     -1.000    -1.000000
  308.0408   -48.2260   351.3735   -36.3228     -1.000    -1.0000    -1.0000     -1.000    -1.000000
  308.1147   -48.2345   351.3646   -36.3723     -1.000    -1.0000    -1.0000     -1.000    -1.000000
  308.1887   -48.2429   351.3556   -36.4218     -1.000    -1.0000    -1.0000     -1.000    -1.000000
  308.2627   -48.2513   351.3467   -36.4713     -1.000    -1.0000    -1.0000     -1.000    -1.000000
  308.3368   -48.2597   351.3377   -36.5207     -1.000    -1.0000    -1.0000     -1.000    -1.000000
  308.4109   -48.2680   351.3287   -36.5702     -1.000    -1.0000    -1.0000     -1.000    -1.000000
  308.4849   -48.2762   351.3197   -36.6197     -1.000    -1.0000    -1.0000     -1.000    -1.000000
  308.5591   -48.2845   351.3107   -36.6692     -1.000    -1.0000    -1.0000     -1.000    -1.000000
  308.6332   -48.2926   351.3016   -36.7186     -1.000    -1.0000    -1.0000     -1.000    -1.000000
  308.7074   -48.3007   351.2926   -36.7681     -1.000    -1.0000    -1.0000     -1.000    -1.000000
  308.7815   -48.3088   351.2835   -36.8176     -1.000    -1.0000    -1.0000     -1.000    -1.000000
  308.8558   -48.3168   351.2745   -36.8670     -1.000    -1.0000    -1.0000     -1.000    -1.000000
  308.9300   -48.3248   351.2654   -36.9165     -1.000    -1.0000    -1.0000     -1.000    -1.000000
  309.0042   -48.3327   351.2563   -36.9660     -1.000    -1.0000    -1.0000     -1.000    -1.000000
  309.0785   -48.3406   351.2472   -37.0155     -1.000    -1.0000    -1.0000     -1.000    -1.000000
  309.1528   -48.3484   351.2381   -37.0649     -1.000    -1.0000    -1.0000     -1.000    -1.000000
  309.2271   -48.3562   351.2290   -37.1144     -1.000    -1.0000    -1.0000     -1.000    -1.000000
  309.3015   -48.3639   351.2198   -37.1639     -1.000    -1.0000    -1.0000     -1.000    -1.000000
  309.3759   -48.3716   351.2107   -37.2133     -1.000    -1.0000    -1.0000     -1.000    -1.000000
  309.4502   -48.3792   351.2015   -37.2628     -1.000    -1.0000    -1.0000     -1.000    -1.000000
  309.5247   -48.3868   351.1924   -37.3123     -1.000    -1.0000    -1.0000     -1.000    -1.000000
  309.5991   -48.3943   351.1832   -37.3617     -1.000    -1.0000    -1.0000     -1.000    -1.000000
  309.6736   -48.4018   351.1740   -37.4112     -1.000    -1.0000    -1.0000     -1.000    -1.000000
  309.7480   -48.4093   351.1648   -37.4606     -1.000    -1.0000    -1.0000     -1.000    -1.000000
  309.8225   -48.4166   351.1556   -37.5101     -1.000    -1.0000    -1.0000     -1.000    -1.000000
  309.8971   -48.4240   351.1463   -37.5596     -1.000    -1.0000    -1.0000     -1.000    -1.000000
  309.9716   -48.4313   351.1371   -37.6090     -1.000    -1.0000    -1.0000     -1.000    -1.000000
  310.0462   -48.4385   351.1278   -37.6585     -1.000    -1.0000    -1.0000     -1.000    -1.000000
  310.1208   -48.4457   351.1186   -37.7079     -1.000    -1.0000    -1.0000     -1.000    -1.000000
  310.1954   -48.4529   351.1093   -37.7574     -1.000    -1.0000    -1.0000     -1.000    -1.000000
  310.2700   -48.4600   351.1000   -37.8069     -1.000    -1.0000    -1.0000     -1.000    -1.000000
  310.3446   -48.4670   351.0907   -37.8563     -1.000    -1.0000    -1.0000     -1.000    -1.000000
  310.4193   -48.4741   351.0814   -37.9058     -1.000    -1.0000    -1.0000     -1.000    -1.000000
  310.4940   -48.4810   351.0720   -37.9552     -1.000    -1.0000    -1.0000     -1.000    -1.000000
  310.5687   -48.4879   351.0627   -38.0047     -1.000    -1.0000    -1.0000     -1.000    -1.000000
  310.6434   -48.4948   351.0533   -38.0541     -1.000    -1.0000    -1.0000     -1.000    -1.000000
  310.7182   -48.5016   351.0440   -38.1036     -1.000    -1.0000    -1.0000     -1.000    -1.000000
  310.7930   -48.5084   351.0346   -38.1530     -1.000    -1.0000    -1.0000     -1.000    -1.000000
  310.8678   -48.5151   351.0252   -38.2025     -1.000    -1.0000    -1.0000     -1.000    -1.000000
  310.9426   -48.5217   351.0158   -38.2519     -1.000    -1.0000    -1.0000     -1.000    -1.000000
  311.0174   -48.5284   351.0063   -38.3014     -1.000    -1.0000    -1.0000     -1.000    -1.000000
  311.0922   -48.5349   350.9969   -38.3508     -1.000    -1.0000    -1.0000     -1.000    -1.000000
  311.1671   -48.5415   350.9875   -38.4003     -1.000    -1.0000    -1.0000     -1.000    -1.000000
  311.2420   -48.5479   350.9780   -38.4497     -1.000    -1.0000    -1.0000     -1.000    -1.000000
  311.3169   -48.5544   350.9685   -38.4992     -1.000    -1.0000    -1.0000     -1.000    -1.000000
  311.3918   -48.5607   350.9591   -38.5486     -1.000    -1.0000    -1.0000     -1.000    -1.000000
  311.4668   -48.5671   350.9496   -38.5981     -1.000    -1.0000    -1.0000     -1.000    -1.000000
  311.5418   -48.5733   350.9400   -38.6475     -1.000    -1.0000    -1.0000     -1.000    -1.000000
  311.6167   -48.5796   350.9305   -38.6970     -1.000    -1.0000    -1.0000     -1.000    -1.000000
  311.6917   -48.5858   350.9210   -38.7464     -1.000    -1.0000    -1.0000     -1.000    -1.000000
  311.7668   -48.5919   350.9114   -38.7959     -1.000    -1.0000    -1.0000     -1.000    -1.000000
  311.8418   -48.5980   350.9019   -38.8453     -1.000    -1.0000    -1.0000     -1.000    -1.000000
  311.9168   -48.6040   350.8923   -38.8947     -1.000    -1.0000    -1.0000     -1.000    -1.000000
  311.9919   -48.6100   350.8827   -38.9442     -1.000    -1.0000    -1.0000     -1.000    -1.000000
  312.0670   -48.6159   350.8731   -38.9936     -1.000    -1.0000    -1.0000     -1.000    -1.000000
  312.1421   -48.6218   350.8635   -39.0431     -1.000    -1.0000    -1.0000     -1.000    -1.000000
  312.2172   -48.6277   350.8538   -39.0925     -1.000    -1.0000    -1.0000     -1.000    -1.000000
  312.2924   -48.6335   350.8442   -39.1419     -1.000    -1.0000    -1.0000     -1.000    -1.000000
  312.3676   -48.6392   350.8345   -39.1914     -1.000    -1.0000    -1.0000     -1.000    -1.000000
  312.4427   -48.6449   350.8249   -39.2408     -1.000    -1.0000    -1.0000     -1.000    -1.000000
  312.5179   -48.6505   350.8152   -39.2902     -1.000    -1.0000    -1.0000     -1.000    -1.000000
  312.5931   -48.6561   350.8055   -39.3397     -1.000    -1.0000    -1.0000     -1.000    -1.000000
  312.6684   -48.6617   350.7958   -39.3891     -1.000    -1.0000    -1.0000     -1.000    -1.000000
  312.7436   -48.6672   350.7861   -39.4385     -1.000    -1.0000    -1.0000     -1.000    -1.000000
  312.8189   -48.6726   350.7763   -39.4880     -1.000    -1.0000    -1.0000     -1.000    -1.000000
  312.8942   -48.6780   350.7666   -39.5374     -1.000    -1.0000    -1.0000     -1.000    -1.000000
  312.9694   -48.6834   350.7568   -39.5868     -1.000    -1.0000    -1.0000     -1.000    -1.000000
  313.0448   -48.6887   350.7470   -39.6363     -1.000    -1.0000    -1.0000     -1.000    -1.000000
  313.1201   -48.6939   350.7372   -39.6857     -1.000    -1.0000    -1.0000     -1.000    -1.000000
  313.1954   -48.6991   350.7274   -39.7351     -1.000    -1.0000    -1.0000     -1.000    -1.000000
  313.2708   -48.7043   350.7176   -39.7845     -1.000    -1.0000    -1.0000     -1.000    -1.000000
  313.3461   -48.7094   350.7077   -39.8340     -1.000    -1.0000    -1.0000     -1.000    -1.000000
  313.4215   -48.7145   350.6979   -39.8834     -1.000    -1.0000    -1.0000     -1.000    -1.000000
  313.4969   -48.7195   350.6880   -39.9328     -1.000    -1.0000    -1.0000     -1.000    -1.000000
  313.5724   -48.7244   350.6781   -39.9822     -1.000    -1.0000    -1.0000     -1.000    -1.000000
  313.6478   -48.7293   350.6682   -40.0317     -1.000    -1.0000    -1.0000     -1.000    -1.000000
  313.7232   -48.7342   350.6583   -40.0811     -1.000    -1.0000    -1.0000     -1.000    -1.000000
  313.7987   -48.7390   350.6484   -40.1305     -1.000    -1.0000    -1.0000     -1.000    -1.000000
  313.8742   -48.7438   350.6385   -40.1799     -1.000    -1.0000    -1.0000     -1.000    -1.000000
  313.9497   -48.7485   350.6285   -40.2293     -1.000    -1.0000    -1.0000     -1.000    -1.000000
  314.0252   -48.7531   350.6186   -40.2788     -1.000    -1.0000    -1.0000     -1.000    -1.000000
  314.1007   -48.7578   350.6086   -40.3282     -1.000    -1.0000    -1.0000     -1.000    -1.000000
  314.1762   -48.7623   350.5986   -40.3776     -1.000    -1.0000    -1.0000     -1.000    -1.000000
  314.2518   -48.7668   350.5886   -40.4270     -1.000    -1.0000    -1.0000     -1.000    -1.000000
  314.3273   -48.7713   350.5785   -40.4764     -1.000    -1.0000    -1.0000     -1.000    -1.000000
  314.4029   -48.7757   350.5685   -40.5258     -1.000    -1.0000    -1.0000     -1.000    -1.000000
  314.4785   -48.7801   350.5584   -40.5752     -1.000    -1.0000    -1.0000     -1.000    -1.000000
  314.5541   -48.7844   350.5484   -40.6247     -1.000    -1.0000    -1.0000     -1.000    -1.000000
  314.6297   -48.7887   350.5383   -40.6741     -1.000    -1.0000    -1.0000     -1.000    -1.000000
  314.7053   -48.7929   350.5282   -40.7235     -1.000    -1.0000    -1.0000     -1.000    -1.000000
  314.7809   -48.7971   350.5181   -40.7729     -1.000    -1.0000    -1.0000     -1.000    -1.000000
  314.8566   -48.8012   350.5079   -40.8223     -1.000    -1.0000    -1.0000     -1.000    -1.000000
  314.9322   -48.8052   350.4978   -40.8717     -1.000    -1.0000    -1.0000     -1.000    -1.000000
  315.0079   -48.8093   350.4876   -40.9211     -1.000    -1.0000    -1.0000     -1.000    -1.000000
  315.0836   -48.8132   350.4775   -40.9705     -1.000    -1.0000    -1.0000     -1.000    -1.000000
  315.1593   -48.8172   350.4673   -41.0199     -1.000    -1.0000    -1.0000     -1.000    -1.000000
  315.2350   -48.8210   350.4571   -41.0693     -1.000    -1.0000    -1.0000     -1.000    -1.000000
  315.3107   -48.8248   350.4468   -41.1187     -1.000    -1.0000    -1.0000     -1.000    -1.000000
  315.3865   -48.8286   350.4366   -41.1681     -1.000    -1.0000    -1.0000     -1.000    -1.000000
  315.4622   -48.8323   350.4264   -41.2175     -1.000    -1.0000    -1.0000     -1.000    -1.000000
  315.5380   -48.8360   350.4161   -41.2669     -1.000    -1.0000    -1.0000     -1.000    -1.000000
  315.6137   -48.8396   350.4058   -41.3163     -1.000    -1.0000    -1.0000     -1.000    -1.000000
  315.6895   -48.8432   350.3955   -41.3657     -1.000    -1.0000    -1.0000     -1.000    -1.000000
  315.7653   -48.8467   350.3852   -41.4151     -1.000    -1.0000    -1.0000     -1.000    -1.000000
  315.8411   -48.8502   350.3749   -41.4645     -1.000    -1.0000    -1.0000     -1.000    -1.000000
  315.9169   -48.8536   350.3645   -41.5139     -1.000    -1.0000    -1.0000     -1.000    -1.000000
  315.9927   -48.8570   350.3541   -41.5633     -1.000    -1.0000    -1.0000     -1.000    -1.000000
  316.0686   -48.8603   350.3438   -41.6127     -1.000    -1.0000    -1.0000     -1.000    -1.000000
  316.1444   -48.8636   350.3334   -41.6621     -1.000    -1.0000    -1.0000     -1.000    -1.000000
  316.2202   -48.8668   350.3230   -41.7115     -1.000    -1.0000    -1.0000     -1.000    -1.000000
  316.2961   -48.8700   350.3125   -41.7609     -1.000    -1.0000    -1.0000     -1.000    -1.000000
  316.3720   -48.8731   350.3021   -41.8103     -1.000    -1.0000    -1.0000     -1.000    -1.000000
  316.4478   -48.8762   350.2916   -41.8597     -1.000    -1.0000    -1.0000     -1.000    -1.000000
  316.5237   -48.8792   350.2812   -41.9090     -1.000    -1.0000    -1.0000     -1.000    -1.000000
  316.5996   -48.8822   350.2707   -41.9584     -1.000    -1.0000    -1.0000     -1.000    -1.000000
  316.6755   -48.8851   350.2602   -42.0078     -1.000    -1.0000    -1.0000     -1.000    -1.000000
  316.7514   -48.8880   350.2496   -42.0572     -1.000    -1.0000    -1.0000     -1.000    -1.000000
  316.8274   -48.8908   350.2391   -42.1066     -1.000    -1.0000    -1.0000     -1.000    -1.000000
  316.9033   -48.8936   350.2286   -42.1560     -1.000    -1.0000    -1.0000     -1.000    -1.000000
  316.9792   -48.8963   350.2180   -42.2054     -1.000    -1.0000    -1.0000     -1.000    -1.000000
  317.0552   -48.8990   350.2074   -42.2547     -1.000    -1.0000    -1.0000     -1.000    -1.000000
  317.1311   -48.9017   350.1968   -42.3041     -1.000    -1.0000    -1.0000     -1.000    -1.000000
  317.2071   -48.9042   350.1862   -42.3535     -1.000    -1.0000    -1.0000     -1.000    -1.000000
  317.2831   -48.9068   350.1755   -42.4029     -1.000    -1.0000    -1.0000     -1.000    -1.000000
  317.3591   -48.9092   350.1649   -42.4523     -1.000    -1.0000    -1.0000     -1.000    -1.000000
  317.4350   -48.9117   350.1542   -42.5016     -1.000    -1.0000    -1.0000     -1.000    -1.000000
  317.5110   -48.9140   350.1435   -42.5510     -1.000    -1.0000    -1.0000     -1.000    -1.000000
  317.5870   -48.9164   350.1328   -42.6004     -1.000    -1.0000    -1.0000     -1.000    -1.000000
  317.6630   -48.9187   350.1221   -42.6498     -1.000    -1.0000    -1.0000     -1.000    -1.000000
  317.7391   -48.9209   350.1113   -42.6991     -1.000    -1.0000    -1.0000     -1.000    -1.000000
  317.8151   -48.9231   350.1006   -42.7485     -1.000    -1.0000    -1.0000     -1.000    -1.000000
  317.8911   -48.9252   350.0898   -42.7979     -1.000    -1.0000    -1.0000     -1.000    -1.000000
  317.9671   -48.9273   350.0790   -42.8472     -1.000    -1.0000    -1.0000     -1.000    -1.000000
  318.0432   -48.9293   350.0682   -42.8966     -1.000    -1.0000    -1.0000     -1.000    -1.000000
  318.1192   -48.9313   350.0574   -42.9460     -1.000    -1.0000    -1.0000     -1.000    -1.000000
  318.1953   -48.9332   350.0465   -42.9953     -1.000    -1.0000    -1.0000     -1.000    -1.000000
  318.2713   -48.9351   350.0357   -43.0447     -1.000    -1.0000    -1.0000     -1.000    -1.000000
  318.3474   -48.9369   350.0248   -43.0941     -1.000    -1.0000    -1.0000     -1.000    -1.000000
  318.4235   -48.9387   350.0139   -43.1434     -1.000    -1.0000    -1.0000     -1.000    -1.000000
  318.4995   -48.9404   350.0030   -43.1928     -1.000    -1.0000    -1.0000     -1.000    -1.000000
  318.5756   -48.9421   349.9921   -43.2422     -1.000    -1.0000    -1.0000     -1.000    -1.000000
  318.6517   -48.9437   349.9811   -43.2915     -1.000    -1.0000    -1.0000     -1.000    -1.000000
  318.7278   -48.9453   349.9701   -43.3409     -1.000    -1.0000    -1.0000     -1.000    -1.000000
  318.8039   -48.9468   349.9592   -43.3902     -1.000    -1.0000    -1.0000     -1.000    -1.000000
  318.8800   -48.9483   349.9482   -43.4396     -1.000    -1.0000    -1.0000     -1.000    -1.000000
  318.9561   -48.9497   349.9371   -43.4890     -1.000    -1.0000    -1.0000     -1.000    -1.000000
  319.0322   -48.9511   349.9261   -43.5383     -1.000    -1.0000    -1.0000     -1.000    -1.000000
  319.1083   -48.9524   349.9150   -43.5877     -1.000    -1.0000    -1.0000     -1.000    -1.000000
  319.1844   -48.9537   349.9040   -43.6370     -1.000    -1.0000    -1.0000     -1.000    -1.000000
  319.2606   -48.9549   349.8929   -43.6864     -1.000    -1.0000    -1.0000     -1.000    -1.000000
  319.3367   -48.9561   349.8818   -43.7357     -1.000    -1.0000    -1.0000     -1.000    -1.000000
  319.4128   -48.9573   349.8706   -43.7851     -1.000    -1.0000    -1.0000     -1.000    -1.000000
  319.4889   -48.9583   349.8595   -43.8344     -1.000    -1.0000    -1.0000     -1.000    -1.000000
  319.5651   -48.9594   349.8483   -43.8838     -1.000    -1.0000    -1.0000     -1.000    -1.000000
  319.6412   -48.9603   349.8371   -43.9331     -1.000    -1.0000    -1.0000     -1.000    -1.000000
  319.7173   -48.9613   349.8259   -43.9825     -1.000    -1.0000    -1.0000     -1.000    -1.000000
  319.7935   -48.9621   349.8147   -44.0318     -1.000    -1.0000    -1.0000     -1.000    -1.000000
  319.8696   -48.9630   349.8035   -44.0811     -1.000    -1.0000    -1.0000     -1.000    -1.000000
  319.9458   -48.9637   349.7922   -44.1305     -1.000    -1.0000    -1.0000     -1.000    -1.000000
  320.0219   -48.9645   349.7809   -44.1798     -1.000    -1.0000    -1.0000     -1.000    -1.000000
  320.0981   -48.9651   349.7696   -44.2292     -1.000    -1.0000    -1.0000     -1.000    -1.000000
  320.1742   -48.9658   349.7583   -44.2785     -1.000    -1.0000    -1.0000     -1.000    -1.000000
  320.2504   -48.9664   349.7470   -44.3278     -1.000    -1.0000    -1.0000     -1.000    -1.000000
  320.3265   -48.9669   349.7356   -44.3772     -1.000    -1.0000    -1.0000     -1.000    -1.000000
  320.4027   -48.9674   349.7243   -44.4265     -1.000    -1.0000    -1.0000     -1.000    -1.000000
  320.4789   -48.9678   349.7129   -44.4758     -1.000    -1.0000    -1.0000     -1.000    -1.000000
  320.5550   -48.9682   349.7014   -44.5252     -1.000    -1.0000    -1.0000     -1.000    -1.000000
  320.6312   -48.9685   349.6900   -44.5745     -1.000    -1.0000    -1.0000     -1.000    -1.000000
  320.7074   -48.9688   349.6786   -44.6238     -1.000    -1.0000    -1.0000     -1.000    -1.000000
  320.7835   -48.9690   349.6671   -44.6732     -1.000    -1.0000    -1.0000     -1.000    -1.000000
  320.8597   -48.9692   349.6556   -44.7225     -1.000    -1.0000    -1.0000     -1.000    -1.000000
  320.9358   -48.9693   349.6441   -44.7718     -1.000    -1.0000    -1.0000     -1.000    -1.000000
  321.0120   -48.9694   349.6326   -44.8212     -1.000    -1.0000    -1.0000     -1.000    -1.000000
