#   RA_deg    DEC_deg      l_deg      b_deg   Rhel_kpc    phi_deg  theta_deg   Rgal_kpc parallax_mas
  133.8633   -27.7195   252.2704    11.1699     28.600   237.4720     9.9143     32.179   0.034965
  133.8990   -27.6808   252.2600    11.2188     28.600   237.4609     9.9573     32.180   0.034965
  133.9347   -27.6420   252.2496    11.2678     28.600   237.4498    10.0004     32.180   0.034965
  133.9703   -27.6033   252.2391    11.3167     28.600   237.4386    10.0434     32.181   0.034965
  134.0060   -27.5645   252.2287    11.3657     28.600   237.4275    10.0864     32.182   0.034965
  134.0416   -27.5258   252.2182    11.4146     28.600   237.4163    10.1295     32.183   0.034965
  134.0771   -27.4870   252.2078    11.4635     28.600   237.4051    10.1725     32.184   0.034965
  134.1127   -27.4482   252.1973    11.5125     28.600   237.3940    10.2155     32.185   0.034965
  134.1482   -27.4094   252.1869    11.5614     28.600   237.3828    10.2585     32.186   0.034965
  134.1837   -27.3706   252.1764    11.6104     28.600   237.3715    10.3015     32.187   0.034965
  134.2192   -27.3318   252.1660    11.6593     28.600   237.3603    10.3445     32.188   0.034965
  134.2547   -27.2929   252.1555    11.7082     28.600   237.3491    10.3875     32.188   0.034965
  134.2901   -27.2541   252.1450    11.7572     28.600   237.3378    10.4305     32.189   0.034965
  134.3255   -27.2153   252.1345    11.8061     28.600   237.3266    10.4735     32.190   0.034965
  134.3609   -27.1764   252.1241    11.8550     28.600   237.3153    10.5165     32.191   0.034965
  134.3963   -27.1375   252.1136    11.9040     28.600   237.3040    10.5595     32.192   0.034965
  134.4316   -27.0987   252.1031    11.9529     28.600   237.2927    10.6025     32.193   0.034965
  134.4669   -27.0598   252.0926    12.0019     28.600   237.2814    10.6454     32.194   0.034965
  134.5022   -27.0209   252.0821    12.0508     28.600   237.2701    10.6884     32.195   0.034965
  134.5375   -26.9820   252.0716    12.0997     28.600   237.2587    10.7314     32.196   0.034965
  134.5727   -26.9431   252.0611    12.1487     28.600   237.2474    10.7743     32.196   0.034965
  134.6079   -26.9042   252.0506    12.1976     28.600   237.2360    10.8173     32.197   0.034965
  134.6431   -26.8653   252.0401    12.2465     28.600   237.2246    10.8603     32.198   0.034965
  134.6783   -26.8263   252.0296    12.2955     28.600   237.2133    10.9032     32.199   0.034965
  134.7134   -26.7874   252.0191    12.3444     28.600   237.2019    10.9462     32.200   0.034965
  134.7485   -26.7485   252.0086    12.3933     28.600   237.1904    10.9891     32.201   0.034965
  134.7836   -26.7095   251.9980    12.4423     28.600   237.1790    11.0321     32.202   0.034965
  134.8187   -26.6705   251.9875    12.4912     28.600   237.1676    11.0750     32.202   0.034965
  134.8537   -26.6316   251.9770    12.5401     28.600   237.1561    11.1179     32.203   0.034965
  134.8888   -26.5926   251.9664    12.5891     28.600   237.1447    11.1609     32.204   0.034965
  134.9238   -26.5536   251.9559    12.6380     28.600   237.1332    11.2038     32.205   0.034965
  134.9587   -26.5146   251.9454    12.6869     28.600   237.1217    11.2467     32.206   0.034965
  134.9937   -26.4756   251.9348    12.7358     28.600   237.1102    11.2896     32.207   0.034965
  135.0286   -26.4366   251.9243    12.7848     28.600   237.0987    11.3325     32.208   0.034965
  135.0635   -26.3975   251.9137    12.8337     28.600   237.0872    11.3754     32.208   0.034965
  135.0984   -26.3585   251.9032    12.8826     28.600   237.0756    11.4184     32.209   0.034965
  135.1332   -26.3195   251.8926    12.9316     28.600   237.0641    11.4613     32.210   0.034965
  135.1681   -26.2804   251.8820    12.9805     28.600   237.0525    11.5042     32.211   0.034965
  135.2029   -26.2414   251.8715    13.0294     28.600   237.0409    11.5470     32.212   0.034965
  135.2377   -26.2023   251.8609    13.0783     28.600   237.0294    11.5899     32.213   0.034965
  135.2724   -26.1632   251.8503    13.1273     28.600   237.0177    11.6328     32.213   0.034965
  135.3072   -26.1241   251.8397    13.1762     28.600   237.0061    11.6757     32.214   0.034965
  135.3419   -26.0850   251.8291    13.2251     28.600   236.9945    11.7186     32.215   0.034965
  135.3766   -26.0459   251.8185    13.2740     28.600   236.9829    11.7615     32.216   0.034965
  135.4113   -26.0068   251.8079    13.3230     28.600   236.9712    11.8043     32.217   0.034965
  135.4459   -25.9677   251.7973    13.3719     28.600   236.9595    11.8472     32.218   0.034965
  135.4805   -25.9286   251.7867    13.4208     28.600   236.9479    11.8901     32.218   0.034965
  135.5151   -25.8895   251.7761    13.4697     28.600   236.9362    11.9329     32.219   0.034965
  135.5497   -25.8503   251.7655    13.5187     28.600   236.9245    11.9758     32.220   0.034965
  135.5843   -25.8112   251.7549    13.5676     28.600   236.9128    12.0186     32.221   0.034965
  135.6188   -25.7720   251.7443    13.6165     28.600   236.9010    12.0615     32.222   0.034965
  135.6533   -25.7329   251.7337    13.6654     28.600   236.8893    12.1043     32.222   0.034965
  135.6878   -25.6937   251.7230    13.7144     28.600   236.8775    12.1472     32.223   0.034965
  135.7223   -25.6545   251.7124    13.7633     28.600   236.8658    12.1900     32.224   0.034965
  135.7567   -25.6153   251.7018    13.8122     28.600   236.8540    12.2328     32.225   0.034965
  135.7911   -25.5761   251.6911    13.8611     28.600   236.8422    12.2757     32.226   0.034965
  135.8255   -25.5369   251.6805    13.9100     28.600   236.8304    12.3185     32.227   0.034965
  135.8599   -25.4977   251.6698    13.9590     28.600   236.8186    12.3613     32.227   0.034965
  135.8942   -25.4585   251.6592    14.0079     28.600   236.8067    12.4041     32.228   0.034965
  135.9286   -25.4192   251.6485    14.0568     28.600   236.7949    12.4469     32.229   0.034965
  135.9629   -25.3800   251.6378    14.1057     28.600   236.7830    12.4897     32.230   0.034965
  135.9972   -25.3408   251.6272    14.1546     28.600   236.7711    12.5325     32.231   0.034965
  136.0314   -25.3015   251.6165    14.2035     28.600   236.7592    12.5753     32.231   0.034965
  136.0657   -25.2622   251.6058    14.2525     28.600   236.7473    12.6181     32.232   0.034965
  136.0999   -25.2230   251.5951    14.3014     28.600   236.7354    12.6609     32.233   0.034965
  136.1341   -25.1837   251.5844    14.3503     28.600   236.7235    12.7037     32.234   0.034965
  136.1683   -25.1444   251.5737    14.3992     28.600   236.7116    12.7465     32.234   0.034965
  136.2024   -25.1051   251.5630    14.4481     28.600   236.6996    12.7893     32.235   0.034965
  136.2365   -25.0658   251.5523    14.4970     28.600   236.6877    12.8321     32.236   0.034965
  136.2706   -25.0265   251.5416    14.5460     28.600   236.6757    12.8748     32.237   0.034965
  136.3047   -24.9872   251.5309    14.5949     28.600   236.6637    12.9176     32.238   0.034965
  136.3388   -24.9479   251.5202    14.6438     28.600   236.6517    12.9604     32.238   0.034965
  136.3728   -24.9086   251.5095    14.6927     28.600   236.6397    13.0031     32.239   0.034965
  136.4069   -24.8692   251.4988    14.7416     28.600   236.6276    13.0459     32.240   0.034965
  136.4409   -24.8299   251.4880    14.7905     28.600   236.6156    13.0886     32.241   0.034965
  136.4748   -24.7905   251.4773    14.8394     28.600   236.6035    13.1314     32.242   0.034965
  136.5088   -24.7512   251.4665    14.8883     28.600   236.5914    13.1741     32.242   0.034965
  136.5427   -24.7118   251.4558    14.9372     28.600   236.5794    13.2169     32.243   0.034965
  136.5767   -24.6724   251.4451    14.9862     28.600   236.5673    13.2596     32.244   0.034965
  136.6105   -24.6330   251.4343    15.0351     28.600   236.5551    13.3023     32.245   0.034965
  136.6444   -24.5936   251.4235    15.0840     28.600   236.5430    13.3451     32.245   0.034965
  136.6783   -24.5542   251.4128    15.1329     28.600   236.5309    13.3878     32.246   0.034965
  136.7121   -24.5148   251.4020    15.1818     28.600   236.5187    13.4305     32.247   0.034965
  136.7459   -24.4754   251.3912    15.2307     28.600   236.5066    13.4732     32.248   0.034965
  136.7797   -24.4360   251.3805    15.2796     28.600   236.4944    13.5159     32.248   0.034965
  136.8135   -24.3966   251.3697    15.3285     28.600   236.4822    13.5586     32.249   0.034965
  136.8472   -24.3571   251.3589    15.3774     28.600   236.4700    13.6013     32.250   0.034965
  136.8809   -24.3177   251.3481    15.4263     28.600   236.4577    13.6440     32.251   0.034965
  136.9146   -24.2782   251.3373    15.4752     28.600   236.4455    13.6867     32.251   0.034965
  136.9483   -24.2388   251.3265    15.5241     28.600   236.4333    13.7294     32.252   0.034965
  136.9820   -24.1993   251.3157    15.5730     28.600   236.4210    13.7721     32.253   0.034965
  137.0156   -24.1598   251.3049    15.6219     28.600   236.4087    13.8148     32.254   0.034965
  137.0492   -24.1204   251.2940    15.6708     28.600   236.3964    13.8575     32.254   0.034965
  137.0828   -24.0809   251.2832    15.7197     28.600   236.3841    13.9001     32.255   0.034965
  137.1164   -24.0414   251.2724    15.7686     28.600   236.3718    13.9428     32.256   0.034965
  137.1500   -24.0019   251.2616    15.8175     28.600   236.3595    13.9855     32.257   0.034965
  137.1835   -23.9624   251.2507    15.8664     28.600   236.3471    14.0281     32.257   0.034965
  137.2170   -23.9228   251.2399    15.9153     28.600   236.3348    14.0708     32.258   0.034965
  137.2505   -23.8833   251.2290    15.9642     28.600   236.3224    14.1135     32.259   0.034965
  137.2840   -23.8438   251.2182    16.0131     28.600   236.3100    14.1561     32.260   0.034965
  137.3175   -23.8042   251.2073    16.0620     28.600   236.2976    14.1988     32.260   0.034965
  137.3509   -23.7647   251.1964    16.1109     28.600   236.2852    14.2414     32.261   0.034965
  137.3843   -23.7251   251.1856    16.1598     28.600   236.2728    14.2840     32.262   0.034965
  137.4177   -23.6856   251.1747    16.2087     28.600   236.2603    14.3267     32.262   0.034965
  137.4511   -23.6460   251.1638    16.2576     28.600   236.2479    14.3693     32.263   0.034965
  137.4844   -23.6064   251.1529    16.3065     28.600   236.2354    14.4119     32.264   0.034965
  137.5178   -23.5669   251.1420    16.3554     28.600   236.2229    14.4545     32.265   0.034965
  137.5511   -23.5273   251.1311    16.4043     28.600   236.2104    14.4972     32.265   0.034965
  137.5844   -23.4877   251.1202    16.4532     28.600   236.1979    14.5398     32.266   0.034965
  137.6177   -23.4481   251.1093    16.5021     28.600   236.1854    14.5824     32.267   0.034965
  137.6509   -23.4085   251.0984    16.5510     28.600   236.1728    14.6250     32.267   0.034965
  137.6841   -23.3689   251.0875    16.5999     28.600   236.1603    14.6676     32.268   0.034965
  137.7174   -23.3292   251.0766    16.6488     28.600   236.1477    14.7102     32.269   0.034965
  137.7506   -23.2896   251.0656    16.6977     28.600   236.1351    14.7528     32.270   0.034965
  137.7837   -23.2500   251.0547    16.7466     28.600   236.1225    14.7954     32.270   0.034965
  137.8169   -23.2103   251.0438    16.7955     28.600   236.1099    14.8379     32.271   0.034965
  137.8500   -23.1707   251.0328    16.8443     28.600   236.0973    14.8805     32.272   0.034965
  137.8831   -23.1310   251.0219    16.8932     28.600   236.0846    14.9231     32.272   0.034965
  137.9162   -23.0913   251.0109    16.9421     28.600   236.0720    14.9657     32.273   0.034965
  137.9493   -23.0517   250.9999    16.9910     28.600   236.0593    15.0082     32.274   0.034965
  137.9824   -23.0120   250.9890    17.0399     28.600   236.0466    15.0508     32.274   0.034965
  138.0154   -22.9723   250.9780    17.0888     28.600   236.0339    15.0934     32.275   0.034965
  138.0484   -22.9326   250.9670    17.1377     28.600   236.0212    15.1359     32.276   0.034965
  138.0814   -22.8929   250.9560    17.1866     28.600   236.0085    15.1785     32.276   0.034965
  138.1144   -22.8532   250.9450    17.2354     28.600   235.9958    15.2210     32.277   0.034965
  138.1474   -22.8135   250.9340    17.2843     28.600   235.9830    15.2636     32.278   0.034965
  138.1803   -22.7738   250.9230    17.3332     28.600   235.9702    15.3061     32.279   0.034965
  138.2133   -22.7340   250.9120    17.3821     28.600   235.9574    15.3486     32.279   0.034965
  138.2462   -22.6943   250.9010    17.4310     28.600   235.9446    15.3912     32.280   0.034965
  138.2790   -22.6546   250.8900    17.4799     28.600   235.9318    15.4337     32.281   0.034965
  138.3119   -22.6148   250.8789    17.5287     28.600   235.9190    15.4762     32.281   0.034965
  138.3448   -22.5751   250.8679    17.5776     28.600   235.9062    15.5187     32.282   0.034965
  138.3776   -22.5353   250.8569    17.6265     28.600   235.8933    15.5612     32.283   0.034965
  138.4104   -22.4956   250.8458    17.6754     28.600   235.8804    15.6037     32.283   0.034965
  138.4432   -22.4558   250.8348    17.7243     28.600   235.8675    15.6463     32.284   0.034965
  138.4760   -22.4160   250.8237    17.7731     28.600   235.8546    15.6888     32.285   0.034965
  138.5087   -22.3762   250.8127    17.8220     28.600   235.8417    15.7313     32.285   0.034965
  138.5415   -22.3364   250.8016    17.8709     28.600   235.8288    15.7737     32.286   0.034965
  138.5742   -22.2966   250.7905    17.9198     28.600   235.8159    15.8162     32.287   0.034965
  138.6069   -22.2568   250.7794    17.9686     28.600   235.8029    15.8587     32.287   0.034965
  138.6395   -22.2170   250.7684    18.0175     28.600   235.7899    15.9012     32.288   0.034965
  138.6722   -22.1772   250.7573    18.0664     28.600   235.7769    15.9437     32.289   0.034965
  138.7049   -22.1374   250.7462    18.1153     28.600   235.7639    15.9861     32.289   0.034965
  138.7375   -22.0975   250.7351    18.1641     28.600   235.7509    16.0286     32.290   0.034965
  138.7701   -22.0577   250.7239    18.2130     28.600   235.7379    16.0711     32.290   0.034965
  138.8027   -22.0179   250.7128    18.2619     28.600   235.7248    16.1135     32.291   0.034965
  138.8352   -21.9780   250.7017    18.3108     28.600   235.7118    16.1560     32.292   0.034965
  138.8678   -21.9381   250.6906    18.3596     28.600   235.6987    16.1984     32.292   0.034965
  138.9003   -21.8983   250.6794    18.4085     28.600   235.6856    16.2409     32.293   0.034965
  138.9328   -21.8584   250.6683    18.4574     28.600   235.6725    16.2833     32.294   0.034965
  138.9653   -21.8185   250.6571    18.5062     28.600   235.6594    16.3257     32.294   0.034965
  138.9978   -21.7787   250.6460    18.5551     28.600   235.6462    16.3682     32.295   0.034965
  139.0303   -21.7388   250.6348    18.6040     28.600   235.6331    16.4106     32.296   0.034965
  139.0627   -21.6989   250.6237    18.6528     28.600   235.6199    16.4530     32.296   0.034965
  139.0951   -21.6590   250.6125    18.7017     28.600   235.6067    16.4955     32.297   0.034965
  139.1276   -21.6191   250.6013    18.7506     28.600   235.5935    16.5379     32.297   0.034965
  139.1599   -21.5791   250.5901    18.7994     28.600   235.5803    16.5803     32.298   0.034965
  139.1923   -21.5392   250.5789    18.8483     28.600   235.5671    16.6227     32.299   0.034965
  139.2247   -21.4993   250.5677    18.8972     28.600   235.5538    16.6651     32.299   0.034965
  139.2570   -21.4594   250.5565    18.9460     28.600   235.5406    16.7075     32.300   0.034965
  139.2893   -21.4194   250.5453    18.9949     28.600   235.5273    16.7499     32.301   0.034965
  139.3216   -21.3795   250.5341    19.0438     28.600   235.5140    16.7923     32.301   0.034965
  139.3539   -21.3395   250.5229    19.0926     28.600   235.5007    16.8347     32.302   0.034965
  139.3862   -21.2996   250.5116    19.1415     28.600   235.4874    16.8770     32.302   0.034965
  139.4184   -21.2596   250.5004    19.1903     28.600   235.4740    16.9194     32.303   0.034965
  139.4506   -21.2197   250.4891    19.2392     28.600   235.4607    16.9618     32.304   0.034965
  139.4829   -21.1797   250.4779    19.2881     28.600   235.4473    17.0041     32.304   0.034965
  139.5151   -21.1397   250.4666    19.3369     28.600   235.4339    17.0465     32.305   0.034965
  139.5472   -21.0997   250.4554    19.3858     28.600   235.4206    17.0889     32.305   0.034965
  139.5794   -21.0597   250.4441    19.4346     28.600   235.4071    17.1312     32.306   0.034965
  139.6115   -21.0197   250.4328    19.4835     28.600   235.3937    17.1736     32.307   0.034965
  139.6437   -20.9797   250.4215    19.5323     28.600   235.3803    17.2159     32.307   0.034965
  139.6758   -20.9397   250.4102    19.5812     28.600   235.3668    17.2583     32.308   0.034965
  139.7079   -20.8997   250.3989    19.6300     28.600   235.3533    17.3006     32.308   0.034965
  139.7399   -20.8597   250.3876    19.6789     28.600   235.3398    17.3429     32.309   0.034965
  139.7720   -20.8196   250.3763    19.7277     28.600   235.3263    17.3853     32.310   0.034965
  139.8040   -20.7796   250.3650    19.7766     28.600   235.3128    17.4276     32.310   0.034965
  139.8361   -20.7396   250.3537    19.8255     28.600   235.2993    17.4699     32.311   0.034965
  139.8681   -20.6995   250.3423    19.8743     28.600   235.2857    17.5122     32.311   0.034965
  139.9001   -20.6595   250.3310    19.9232     28.600   235.2722    17.5545     32.312   0.034965
  139.9320   -20.6194   250.3197    19.9720     28.600   235.2586    17.5968     32.313   0.034965
  139.9640   -20.5793   250.3083    20.0208     28.600   235.2450    17.6391     32.313   0.034965
  139.9959   -20.5393   250.2969    20.0697     28.600   235.2314    17.6814     32.314   0.034965
  140.0279   -20.4992   250.2856    20.1185     28.600   235.2177    17.7237     32.314   0.034965
  140.0598   -20.4591   250.2742    20.1674     28.600   235.2041    17.7660     32.315   0.034965
  140.0917   -20.4190   250.2628    20.2162     28.600   235.1904    17.8083     32.315   0.034965
  140.1235   -20.3789   250.2514    20.2651     28.600   235.1767    17.8506     32.316   0.034965
  140.1554   -20.3388   250.2400    20.3139     28.600   235.1631    17.8928     32.317   0.034965
  140.1872   -20.2987   250.2286    20.3628     28.600   235.1493    17.9351     32.317   0.034965
  140.2191   -20.2586   250.2172    20.4116     28.600   235.1356    17.9774     32.318   0.034965
  140.2509   -20.2185   250.2058    20.4604     28.600   235.1219    18.0196     32.318   0.034965
  140.2827   -20.1784   250.1944    20.5093     28.600   235.1081    18.0619     32.319   0.034965
  140.3144   -20.1382   250.1829    20.5581     28.600   235.0943    18.1042     32.319   0.034965
  140.3462   -20.0981   250.1715    20.6070     28.600   235.0806    18.1464     32.320   0.034965
  140.3779   -20.0580   250.1600    20.6558     28.600   235.0667    18.1887     32.321   0.034965
  140.4097   -20.0178   250.1486    20.7046     28.600   235.0529    18.2309     32.321   0.034965
  140.4414   -19.9777   250.1371    20.7535     28.600   235.0391    18.2731     32.322   0.034965
  140.4731   -19.9375   250.1257    20.8023     28.600   235.0252    18.3154     32.322   0.034965
  140.5048   -19.8974   250.1142    20.8512     28.600   235.0114    18.3576     32.323   0.034965
  140.5364   -19.8572   250.1027    20.9000     28.600   234.9975    18.3998     32.323   0.034965
  140.5681   -19.8170   250.0912    20.9488     28.600   234.9836    18.4420     32.324   0.034965
  140.5997   -19.7768   250.0797    20.9977     28.600   234.9697    18.4842     32.324   0.034965
  140.6313   -19.7367   250.0682    21.0465     28.600   234.9557    18.5264     32.325   0.034965
  140.6629   -19.6965   250.0567    21.0953     28.600   234.9418    18.5686     32.325   0.034965
  140.6945   -19.6563   250.0452    21.1442     28.600   234.9278    18.6108     32.326   0.034965
  140.7261   -19.6161   250.0336    21.1930     28.600   234.9138    18.6530     32.327   0.034965
  140.7576   -19.5759   250.0221    21.2418     28.600   234.8998    18.6952     32.327   0.034965
  140.7891   -19.5357   250.0106    21.2906     28.600   234.8858    18.7374     32.328   0.034965
  140.8207   -19.4955   249.9990    21.3395     28.600   234.8718    18.7796     32.328   0.034965
  140.8522   -19.4552   249.9875    21.3883     28.600   234.8577    18.8218     32.329   0.034965
  140.8837   -19.4150   249.9759    21.4371     28.600   234.8437    18.8639     32.329   0.034965
  140.9151   -19.3748   249.9643    21.4860     28.600   234.8296    18.9061     32.330   0.034965
  140.9466   -19.3345   249.9527    21.5348     28.600   234.8155    18.9483     32.330   0.034965
  140.9780   -19.2943   249.9411    21.5836     28.600   234.8014    18.9904     32.331   0.034965
  141.0095   -19.2540   249.9296    21.6324     28.600   234.7872    19.0326     32.331   0.034965
  141.0409   -19.2138   249.9179    21.6813     28.600   234.7731    19.0747     32.332   0.034965
  141.0723   -19.1735   249.9063    21.7301     28.600   234.7589    19.1169     32.332   0.034965
  141.1037   -19.1333   249.8947    21.7789     28.600   234.7447    19.1590     32.333   0.034965
  141.1350   -19.0930   249.8831    21.8277     28.600   234.7305    19.2012     32.333   0.034965
  141.1664   -19.0527   249.8714    21.8765     28.600   234.7163    19.2433     32.334   0.034965
  141.1977   -19.0124   249.8598    21.9254     28.600   234.7021    19.2854     32.334   0.034965
  141.2290   -18.9722   249.8482    21.9742     28.600   234.6878    19.3275     32.335   0.034965
  141.2603   -18.9319   249.8365    22.0230     28.600   234.6736    19.3696     32.335   0.034965
  141.2916   -18.8916   249.8248    22.0718     28.600   234.6593    19.4118     32.336   0.034965
  141.3229   -18.8513   249.8131    22.1206     28.600   234.6450    19.4539     32.336   0.034965
  141.3542   -18.8110   249.8015    22.1694     28.600   234.6307    19.4960     32.337   0.034965
  141.3854   -18.7707   249.7898    22.2182     28.600   234.6163    19.5381     32.337   0.034965
  141.4166   -18.7303   249.7781    22.2671     28.600   234.6020    19.5802     32.338   0.034965
  141.4479   -18.6900   249.7664    22.3159     28.600   234.5876    19.6223     32.338   0.034965
  141.4791   -18.6497   249.7546    22.3647     28.600   234.5732    19.6643     32.339   0.034965
  141.5102   -18.6094   249.7429    22.4135     28.600   234.5588    19.7064     32.339   0.034965
  141.5414   -18.5690   249.7312    22.4623     28.600   234.5444    19.7485     32.340   0.034965
  141.5726   -18.5287   249.7195    22.5111     28.600   234.5300    19.7906     32.340   0.034965
  141.6037   -18.4883   249.7077    22.5599     28.600   234.5155    19.8326     32.341   0.034965
  141.6348   -18.4480   249.6959    22.6087     28.600   234.5011    19.8747     32.341   0.034965
  141.6660   -18.4076   249.6842    22.6575     28.600   234.4866    19.9167     32.342   0.034965
  141.6971   -18.3673   249.6724    22.7063     28.600   234.4721    19.9588     32.342   0.034965
  141.7281   -18.3269   249.6606    22.7551     28.600   234.4576    20.0008     32.343   0.034965
  141.7592   -18.2865   249.6488    22.8039     28.600   234.4430    20.0429     32.343   0.034965
  141.7903   -18.2461   249.6370    22.8528     28.600   234.4285    20.0849     32.344   0.034965
  141.8213   -18.2058   249.6252    22.9016     28.600   234.4139    20.1270     32.344   0.034965
  141.8523   -18.1654   249.6134    22.9504     28.600   234.3993    20.1690     32.345   0.034965
  141.8833   -18.1250   249.6016    22.9992     28.600   234.3847    20.2110     32.345   0.034965
  141.9143   -18.0846   249.5898    23.0480     28.600   234.3701    20.2530     32.346   0.034965
  141.9453   -18.0442   249.5779    23.0968     28.600   234.3554    20.2950     32.346   0.034965
  141.9763   -18.0038   249.5661    23.1456     28.600   234.3408    20.3371     32.346   0.034965
  142.0073   -17.9634   249.5542    23.1943     28.600   234.3261    20.3791     32.347   0.034965
  142.0382   -17.9230   249.5423    23.2431     28.600   234.3114    20.4211     32.347   0.034965
  142.0691   -17.8825   249.5305    23.2919     28.600   234.2967    20.4631     32.348   0.034965
  133.8195   -27.6879   252.2205    11.1597     28.600   237.4298     9.9033     32.185   0.034965
  133.8552   -27.6492   252.2101    11.2086     28.600   237.4187     9.9463     32.186   0.034965
  133.8909   -27.6104   252.1997    11.2575     28.600   237.4075     9.9894     32.187   0.034965
  133.9266   -27.5717   252.1892    11.3065     28.600   237.3964    10.0324     32.188   0.034965
  133.9622   -27.5329   252.1788    11.3554     28.600   237.3853    10.0754     32.188   0.034965
  133.9978   -27.4942   252.1683    11.4044     28.600   237.3741    10.1184     32.189   0.034965
  134.0334   -27.4554   252.1579    11.4533     28.600   237.3629    10.1614     32.190   0.034965
  134.0690   -27.4166   252.1474    11.5022     28.600   237.3517    10.2044     32.191   0.034965
  134.1045   -27.3778   252.1369    11.5512     28.600   237.3405    10.2474     32.192   0.034965
  134.1401   -27.3390   252.1265    11.6001     28.600   237.3293    10.2904     32.193   0.034965
  134.1755   -27.3002   252.1160    11.6490     28.600   237.3181    10.3334     32.194   0.034965
  134.2110   -27.2614   252.1055    11.6980     28.600   237.3068    10.3764     32.195   0.034965
  134.2464   -27.2226   252.0950    11.7469     28.600   237.2956    10.4194     32.196   0.034965
  134.2819   -27.1838   252.0846    11.7958     28.600   237.2843    10.4624     32.196   0.034965
  134.3172   -27.1449   252.0741    11.8448     28.600   237.2730    10.5054     32.197   0.034965
  134.3526   -27.1061   252.0636    11.8937     28.600   237.2617    10.5483     32.198   0.034965
  134.3880   -27.0672   252.0531    11.9427     28.600   237.2504    10.5913     32.199   0.034965
  134.4233   -27.0284   252.0426    11.9916     28.600   237.2391    10.6343     32.200   0.034965
  134.4586   -26.9895   252.0321    12.0405     28.600   237.2278    10.6772     32.201   0.034965
  134.4938   -26.9506   252.0216    12.0895     28.600   237.2165    10.7202     32.202   0.034965
  134.5291   -26.9117   252.0111    12.1384     28.600   237.2051    10.7632     32.203   0.034965
  134.5643   -26.8728   252.0006    12.1873     28.600   237.1937    10.8061     32.203   0.034965
  134.5995   -26.8339   251.9900    12.2363     28.600   237.1824    10.8491     32.204   0.034965
  134.6347   -26.7950   251.9795    12.2852     28.600   237.1710    10.8920     32.205   0.034965
  134.6698   -26.7560   251.9690    12.3341     28.600   237.1596    10.9349     32.206   0.034965
  134.7049   -26.7171   251.9585    12.3830     28.600   237.1482    10.9779     32.207   0.034965
  134.7400   -26.6782   251.9479    12.4320     28.600   237.1367    11.0208     32.208   0.034965
  134.7751   -26.6392   251.9374    12.4809     28.600   237.1253    11.0637     32.209   0.034965
  134.8101   -26.6002   251.9269    12.5298     28.600   237.1138    11.1067     32.209   0.034965
  134.8452   -26.5613   251.9163    12.5788     28.600   237.1024    11.1496     32.210   0.034965
  134.8802   -26.5223   251.9058    12.6277     28.600   237.0909    11.1925     32.211   0.034965
  134.9152   -26.4833   251.8952    12.6766     28.600   237.0794    11.2354     32.212   0.034965
  134.9501   -26.4443   251.8847    12.7255     28.600   237.0679    11.2783     32.213   0.034965
  134.9850   -26.4053   251.8741    12.7745     28.600   237.0564    11.3212     32.214   0.034965
  135.0199   -26.3663   251.8635    12.8234     28.600   237.0449    11.3641     32.215   0.034965
  135.0548   -26.3273   251.8530    12.8723     28.600   237.0333    11.4070     32.215   0.034965
  135.0897   -26.2882   251.8424    12.9213     28.600   237.0218    11.4499     32.216   0.034965
  135.1245   -26.2492   251.8318    12.9702     28.600   237.0102    11.4928     32.217   0.034965
  135.1593   -26.2101   251.8212    13.0191     28.600   236.9986    11.5357     32.218   0.034965
  135.1941   -26.1711   251.8107    13.0680     28.600   236.9870    11.5786     32.219   0.034965
  135.2289   -26.1320   251.8001    13.1170     28.600   236.9754    11.6215     32.220   0.034965
  135.2637   -26.0929   251.7895    13.1659     28.600   236.9638    11.6643     32.220   0.034965
  135.2984   -26.0539   251.7789    13.2148     28.600   236.9522    11.7072     32.221   0.034965
  135.3331   -26.0148   251.7683    13.2637     28.600   236.9405    11.7501     32.222   0.034965
  135.3677   -25.9757   251.7577    13.3127     28.600   236.9289    11.7929     32.223   0.034965
  135.4024   -25.9366   251.7471    13.3616     28.600   236.9172    11.8358     32.224   0.034965
  135.4370   -25.8975   251.7364    13.4105     28.600   236.9055    11.8786     32.225   0.034965
  135.4716   -25.8583   251.7258    13.4594     28.600   236.8938    11.9215     32.225   0.034965
  135.5062   -25.8192   251.7152    13.5083     28.600   236.8821    11.9643     32.226   0.034965
  135.5408   -25.7801   251.7046    13.5573     28.600   236.8704    12.0072     32.227   0.034965
  135.5753   -25.7409   251.6939    13.6062     28.600   236.8587    12.0500     32.228   0.034965
  135.6098   -25.7018   251.6833    13.6551     28.600   236.8469    12.0928     32.229   0.034965
  135.6443   -25.6626   251.6727    13.7040     28.600   236.8352    12.1357     32.230   0.034965
  135.6788   -25.6234   251.6620    13.7529     28.600   236.8234    12.1785     32.230   0.034965
  135.7132   -25.5843   251.6514    13.8019     28.600   236.8116    12.2213     32.231   0.034965
  135.7477   -25.5451   251.6407    13.8508     28.600   236.7998    12.2641     32.232   0.034965
  135.7821   -25.5059   251.6301    13.8997     28.600   236.7880    12.3070     32.233   0.034965
  135.8164   -25.4667   251.6194    13.9486     28.600   236.7762    12.3498     32.234   0.034965
  135.8508   -25.4275   251.6087    13.9975     28.600   236.7643    12.3926     32.234   0.034965
  135.8851   -25.3882   251.5981    14.0464     28.600   236.7525    12.4354     32.235   0.034965
  135.9195   -25.3490   251.5874    14.0954     28.600   236.7406    12.4782     32.236   0.034965
  135.9537   -25.3098   251.5767    14.1443     28.600   236.7288    12.5210     32.237   0.034965
  135.9880   -25.2705   251.5660    14.1932     28.600   236.7169    12.5638     32.238   0.034965
  136.0223   -25.2313   251.5553    14.2421     28.600   236.7050    12.6065     32.238   0.034965
  136.0565   -25.1920   251.5446    14.2910     28.600   236.6930    12.6493     32.239   0.034965
  136.0907   -25.1528   251.5339    14.3399     28.600   236.6811    12.6921     32.240   0.034965
  136.1249   -25.1135   251.5232    14.3888     28.600   236.6692    12.7349     32.241   0.034965
  136.1590   -25.0742   251.5125    14.4378     28.600   236.6572    12.7776     32.241   0.034965
  136.1932   -25.0349   251.5018    14.4867     28.600   236.6452    12.8204     32.242   0.034965
  136.2273   -24.9956   251.4911    14.5356     28.600   236.6333    12.8632     32.243   0.034965
  136.2614   -24.9563   251.4804    14.5845     28.600   236.6213    12.9059     32.244   0.034965
  136.2954   -24.9170   251.4696    14.6334     28.600   236.6093    12.9487     32.245   0.034965
  136.3295   -24.8777   251.4589    14.6823     28.600   236.5972    12.9914     32.245   0.034965
  136.3635   -24.8384   251.4482    14.7312     28.600   236.5852    13.0342     32.246   0.034965
  136.3975   -24.7990   251.4374    14.7801     28.600   236.5731    13.0769     32.247   0.034965
  136.4315   -24.7597   251.4267    14.8290     28.600   236.5611    13.1197     32.248   0.034965
  136.4655   -24.7203   251.4159    14.8780     28.600   236.5490    13.1624     32.248   0.034965
  136.4994   -24.6810   251.4052    14.9269     28.600   236.5369    13.2051     32.249   0.034965
  136.5333   -24.6416   251.3944    14.9758     28.600   236.5248    13.2478     32.250   0.034965
  136.5672   -24.6022   251.3837    15.0247     28.600   236.5127    13.2906     32.251   0.034965
  136.6011   -24.5628   251.3729    15.0736     28.600   236.5006    13.3333     32.252   0.034965
  136.6350   -24.5234   251.3621    15.1225     28.600   236.4884    13.3760     32.252   0.034965
  136.6688   -24.4841   251.3513    15.1714     28.600   236.4763    13.4187     32.253   0.034965
  136.7026   -24.4446   251.3405    15.2203     28.600   236.4641    13.4614     32.254   0.034965
  136.7364   -24.4052   251.3298    15.2692     28.600   236.4519    13.5041     32.255   0.034965
  136.7702   -24.3658   251.3190    15.3181     28.600   236.4397    13.5468     32.255   0.034965
  136.8039   -24.3264   251.3082    15.3670     28.600   236.4275    13.5895     32.256   0.034965
  136.8377   -24.2870   251.2974    15.4159     28.600   236.4153    13.6322     32.257   0.034965
  136.8714   -24.2475   251.2865    15.4648     28.600   236.4030    13.6749     32.258   0.034965
  136.9050   -24.2081   251.2757    15.5137     28.600   236.3908    13.7176     32.258   0.034965
  136.9387   -24.1686   251.2649    15.5626     28.600   236.3785    13.7602     32.259   0.034965
  136.9724   -24.1291   251.2541    15.6115     28.600   236.3662    13.8029     32.260   0.034965
  137.0060   -24.0897   251.2433    15.6604     28.600   236.3539    13.8456     32.261   0.034965
  137.0396   -24.0502   251.2324    15.7093     28.600   236.3416    13.8882     32.261   0.034965
  137.0732   -24.0107   251.2216    15.7582     28.600   236.3293    13.9309     32.262   0.034965
  137.1067   -23.9712   251.2107    15.8071     28.600   236.3170    13.9736     32.263   0.034965
  137.1403   -23.9317   251.1999    15.8560     28.600   236.3046    14.0162     32.264   0.034965
  137.1738   -23.8922   251.1890    15.9049     28.600   236.2923    14.0589     32.264   0.034965
  137.2073   -23.8527   251.1782    15.9538     28.600   236.2799    14.1015     32.265   0.034965
  137.2408   -23.8132   251.1673    16.0027     28.600   236.2675    14.1442     32.266   0.034965
  137.2743   -23.7736   251.1564    16.0516     28.600   236.2551    14.1868     32.266   0.034965
  137.3077   -23.7341   251.1455    16.1005     28.600   236.2427    14.2294     32.267   0.034965
  137.3411   -23.6946   251.1347    16.1494     28.600   236.2302    14.2720     32.268   0.034965
  137.3745   -23.6550   251.1238    16.1983     28.600   236.2178    14.3147     32.269   0.034965
  137.4079   -23.6154   251.1129    16.2472     28.600   236.2053    14.3573     32.269   0.034965
  137.4413   -23.5759   251.1020    16.2961     28.600   236.1928    14.3999     32.270   0.034965
  137.4746   -23.5363   251.0911    16.3450     28.600   236.1804    14.4425     32.271   0.034965
  137.5079   -23.4967   251.0802    16.3939     28.600   236.1679    14.4851     32.271   0.034965
  137.5412   -23.4571   251.0693    16.4427     28.600   236.1553    14.5277     32.272   0.034965
  137.5745   -23.4176   251.0583    16.4916     28.600   236.1428    14.5703     32.273   0.034965
  137.6078   -23.3780   251.0474    16.5405     28.600   236.1303    14.6129     32.274   0.034965
  137.6410   -23.3383   251.0365    16.5894     28.600   236.1177    14.6555     32.274   0.034965
  137.6742   -23.2987   251.0255    16.6383     28.600   236.1051    14.6981     32.275   0.034965
  137.7074   -23.2591   251.0146    16.6872     28.600   236.0925    14.7407     32.276   0.034965
  137.7406   -23.2195   251.0036    16.7361     28.600   236.0799    14.7833     32.276   0.034965
  137.7738   -23.1798   250.9927    16.7850     28.600   236.0673    14.8258     32.277   0.034965
  137.8069   -23.1402   250.9817    16.8339     28.600   236.0547    14.8684     32.278   0.034965
  137.8400   -23.1006   250.9708    16.8827     28.600   236.0420    14.9110     32.279   0.034965
  137.8731   -23.0609   250.9598    16.9316     28.600   236.0294    14.9535     32.279   0.034965
  137.9062   -23.0212   250.9488    16.9805     28.600   236.0167    14.9961     32.280   0.034965
  137.9393   -22.9816   250.9378    17.0294     28.600   236.0040    15.0386     32.281   0.034965
  137.9723   -22.9419   250.9268    17.0783     28.600   235.9913    15.0812     32.281   0.034965
  138.0053   -22.9022   250.9159    17.1272     28.600   235.9786    15.1237     32.282   0.034965
  138.0384   -22.8625   250.9049    17.1760     28.600   235.9659    15.1663     32.283   0.034965
  138.0713   -22.8228   250.8938    17.2249     28.600   235.9531    15.2088     32.283   0.034965
  138.1043   -22.7831   250.8828    17.2738     28.600   235.9404    15.2513     32.284   0.034965
  138.1373   -22.7434   250.8718    17.3227     28.600   235.9276    15.2939     32.285   0.034965
  138.1702   -22.7037   250.8608    17.3716     28.600   235.9148    15.3364     32.285   0.034965
  138.2031   -22.6640   250.8498    17.4205     28.600   235.9020    15.3789     32.286   0.034965
  138.2360   -22.6242   250.8387    17.4693     28.600   235.8892    15.4214     32.287   0.034965
  138.2689   -22.5845   250.8277    17.5182     28.600   235.8763    15.4639     32.287   0.034965
  138.3017   -22.5448   250.8166    17.5671     28.600   235.8635    15.5064     32.288   0.034965
  138.3345   -22.5050   250.8056    17.6160     28.600   235.8506    15.5489     32.289   0.034965
  138.3674   -22.4652   250.7945    17.6648     28.600   235.8378    15.5914     32.289   0.034965
  138.4002   -22.4255   250.7835    17.7137     28.600   235.8249    15.6339     32.290   0.034965
  138.4329   -22.3857   250.7724    17.7626     28.600   235.8120    15.6764     32.291   0.034965
  138.4657   -22.3459   250.7613    17.8115     28.600   235.7990    15.7189     32.291   0.034965
  138.4984   -22.3061   250.7502    17.8603     28.600   235.7861    15.7614     32.292   0.034965
  138.5312   -22.2664   250.7392    17.9092     28.600   235.7732    15.8039     32.293   0.034965
  138.5639   -22.2266   250.7281    17.9581     28.600   235.7602    15.8463     32.293   0.034965
  138.5965   -22.1868   250.7170    18.0070     28.600   235.7472    15.8888     32.294   0.034965
  138.6292   -22.1469   250.7059    18.0558     28.600   235.7342    15.9313     32.295   0.034965
  138.6619   -22.1071   250.6947    18.1047     28.600   235.7212    15.9737     32.295   0.034965
  138.6945   -22.0673   250.6836    18.1536     28.600   235.7082    16.0162     32.296   0.034965
  138.7271   -22.0275   250.6725    18.2024     28.600   235.6952    16.0586     32.297   0.034965
  138.7597   -21.9876   250.6614    18.2513     28.600   235.6821    16.1011     32.297   0.034965
  138.7923   -21.9478   250.6502    18.3002     28.600   235.6690    16.1435     32.298   0.034965
  138.8248   -21.9080   250.6391    18.3491     28.600   235.6559    16.1860     32.299   0.034965
  138.8574   -21.8681   250.6279    18.3979     28.600   235.6428    16.2284     32.299   0.034965
  138.8899   -21.8282   250.6168    18.4468     28.600   235.6297    16.2708     32.300   0.034965
  138.9224   -21.7884   250.6056    18.4957     28.600   235.6166    16.3133     32.301   0.034965
  138.9549   -21.7485   250.5944    18.5445     28.600   235.6035    16.3557     32.301   0.034965
  138.9873   -21.7086   250.5833    18.5934     28.600   235.5903    16.3981     32.302   0.034965
  139.0198   -21.6687   250.5721    18.6422     28.600   235.5771    16.4405     32.302   0.034965
  139.0522   -21.6288   250.5609    18.6911     28.600   235.5639    16.4829     32.303   0.034965
  139.0846   -21.5889   250.5497    18.7400     28.600   235.5507    16.5253     32.304   0.034965
  139.1170   -21.5490   250.5385    18.7888     28.600   235.5375    16.5677     32.304   0.034965
  139.1494   -21.5091   250.5273    18.8377     28.600   235.5243    16.6101     32.305   0.034965
  139.1818   -21.4692   250.5161    18.8866     28.600   235.5110    16.6525     32.306   0.034965
  139.2141   -21.4293   250.5049    18.9354     28.600   235.4978    16.6949     32.306   0.034965
  139.2464   -21.3894   250.4936    18.9843     28.600   235.4845    16.7373     32.307   0.034965
  139.2787   -21.3494   250.4824    19.0331     28.600   235.4712    16.7797     32.307   0.034965
  139.3110   -21.3095   250.4712    19.0820     28.600   235.4579    16.8220     32.308   0.034965
  139.3433   -21.2695   250.4599    19.1309     28.600   235.4446    16.8644     32.309   0.034965
  139.3755   -21.2296   250.4487    19.1797     28.600   235.4312    16.9068     32.309   0.034965
  139.4078   -21.1896   250.4374    19.2286     28.600   235.4179    16.9491     32.310   0.034965
  139.4400   -21.1496   250.4261    19.2774     28.600   235.4045    16.9915     32.310   0.034965
  139.4722   -21.1097   250.4149    19.3263     28.600   235.3911    17.0338     32.311   0.034965
  139.5044   -21.0697   250.4036    19.3751     28.600   235.3777    17.0762     32.312   0.034965
  139.5365   -21.0297   250.3923    19.4240     28.600   235.3643    17.1185     32.312   0.034965
  139.5687   -20.9897   250.3810    19.4728     28.600   235.3509    17.1609     32.313   0.034965
  139.6008   -20.9497   250.3697    19.5217     28.600   235.3374    17.2032     32.313   0.034965
  139.6329   -20.9097   250.3584    19.5705     28.600   235.3239    17.2455     32.314   0.034965
  139.6650   -20.8697   250.3471    19.6194     28.600   235.3105    17.2879     32.315   0.034965
  139.6971   -20.8297   250.3358    19.6682     28.600   235.2970    17.3302     32.315   0.034965
  139.7292   -20.7897   250.3244    19.7171     28.600   235.2835    17.3725     32.316   0.034965
  139.7612   -20.7496   250.3131    19.7659     28.600   235.2699    17.4148     32.316   0.034965
  139.7933   -20.7096   250.3017    19.8148     28.600   235.2564    17.4571     32.317   0.034965
  139.8253   -20.6696   250.2904    19.8636     28.600   235.2428    17.4994     32.318   0.034965
  139.8573   -20.6295   250.2790    19.9125     28.600   235.2293    17.5417     32.318   0.034965
  139.8892   -20.5895   250.2677    19.9613     28.600   235.2157    17.5840     32.319   0.034965
  139.9212   -20.5494   250.2563    20.0102     28.600   235.2021    17.6263     32.319   0.034965
  139.9532   -20.5094   250.2449    20.0590     28.600   235.1884    17.6686     32.320   0.034965
  139.9851   -20.4693   250.2336    20.1079     28.600   235.1748    17.7109     32.320   0.034965
  140.0170   -20.4292   250.2222    20.1567     28.600   235.1611    17.7532     32.321   0.034965
  140.0489   -20.3891   250.2108    20.2055     28.600   235.1475    17.7954     32.322   0.034965
  140.0808   -20.3490   250.1994    20.2544     28.600   235.1338    17.8377     32.322   0.034965
  140.1126   -20.3090   250.1879    20.3032     28.600   235.1201    17.8800     32.323   0.034965
  140.1445   -20.2689   250.1765    20.3521     28.600   235.1064    17.9222     32.323   0.034965
  140.1763   -20.2288   250.1651    20.4009     28.600   235.0927    17.9645     32.324   0.034965
  140.2081   -20.1887   250.1537    20.4497     28.600   235.0789    18.0067     32.324   0.034965
  140.2399   -20.1485   250.1422    20.4986     28.600   235.0651    18.0490     32.325   0.034965
  140.2717   -20.1084   250.1308    20.5474     28.600   235.0514    18.0912     32.326   0.034965
  140.3035   -20.0683   250.1193    20.5963     28.600   235.0376    18.1335     32.326   0.034965
  140.3352   -20.0282   250.1079    20.6451     28.600   235.0238    18.1757     32.327   0.034965
  140.3669   -19.9880   250.0964    20.6939     28.600   235.0099    18.2179     32.327   0.034965
  140.3987   -19.9479   250.0849    20.7428     28.600   234.9961    18.2602     32.328   0.034965
  140.4304   -19.9077   250.0734    20.7916     28.600   234.9822    18.3024     32.328   0.034965
  140.4620   -19.8676   250.0619    20.8404     28.600   234.9683    18.3446     32.329   0.034965
  140.4937   -19.8274   250.0504    20.8893     28.600   234.9545    18.3868     32.329   0.034965
  140.5254   -19.7873   250.0389    20.9381     28.600   234.9405    18.4290     32.330   0.034965
  140.5570   -19.7471   250.0274    20.9869     28.600   234.9266    18.4712     32.331   0.034965
  140.5886   -19.7069   250.0159    21.0357     28.600   234.9127    18.5134     32.331   0.034965
  140.6202   -19.6667   250.0044    21.0846     28.600   234.8987    18.5556     32.332   0.034965
  140.6518   -19.6265   249.9928    21.1334     28.600   234.8847    18.5978     32.332   0.034965
  140.6834   -19.5863   249.9813    21.1822     28.600   234.8708    18.6400     32.333   0.034965
  140.7149   -19.5462   249.9697    21.2311     28.600   234.8567    18.6821     32.333   0.034965
  140.7465   -19.5059   249.9582    21.2799     28.600   234.8427    18.7243     32.334   0.034965
  140.7780   -19.4657   249.9466    21.3287     28.600   234.8287    18.7665     32.334   0.034965
  140.8095   -19.4255   249.9350    21.3775     28.600   234.8146    18.8087     32.335   0.034965
  140.8410   -19.3853   249.9234    21.4264     28.600   234.8006    18.8508     32.335   0.034965
  140.8725   -19.3451   249.9119    21.4752     28.600   234.7865    18.8930     32.336   0.034965
  140.9040   -19.3049   249.9003    21.5240     28.600   234.7724    18.9351     32.336   0.034965
  140.9354   -19.2646   249.8886    21.5728     28.600   234.7582    18.9773     32.337   0.034965
  140.9668   -19.2244   249.8770    21.6216     28.600   234.7441    19.0194     32.337   0.034965
  140.9983   -19.1841   249.8654    21.6705     28.600   234.7300    19.0615     32.338   0.034965
  141.0297   -19.1439   249.8538    21.7193     28.600   234.7158    19.1037     32.338   0.034965
  141.0610   -19.1036   249.8421    21.7681     28.600   234.7016    19.1458     32.339   0.034965
  141.0924   -19.0634   249.8305    21.8169     28.600   234.6874    19.1879     32.340   0.034965
  141.1238   -19.0231   249.8188    21.8657     28.600   234.6732    19.2301     32.340   0.034965
  141.1551   -18.9828   249.8072    21.9145     28.600   234.6589    19.2722     32.341   0.034965
  141.1864   -18.9425   249.7955    21.9634     28.600   234.6447    19.3143     32.341   0.034965
  141.2177   -18.9023   249.7838    22.0122     28.600   234.6304    19.3564     32.342   0.034965
  141.2490   -18.8620   249.7722    22.0610     28.600   234.6161    19.3985     32.342   0.034965
  141.2803   -18.8217   249.7605    22.1098     28.600   234.6018    19.4406     32.343   0.034965
  141.3116   -18.7814   249.7488    22.1586     28.600   234.5875    19.4827     32.343   0.034965
  141.3428   -18.7411   249.7370    22.2074     28.600   234.5731    19.5248     32.344   0.034965
  141.3741   -18.7008   249.7253    22.2562     28.600   234.5588    19.5668     32.344   0.034965
  141.4053   -18.6604   249.7136    22.3050     28.600   234.5444    19.6089     32.345   0.034965
  141.4365   -18.6201   249.7019    22.3538     28.600   234.5300    19.6510     32.345   0.034965
  141.4677   -18.5798   249.6901    22.4026     28.600   234.5156    19.6931     32.346   0.034965
  141.4989   -18.5395   249.6784    22.4515     28.600   234.5012    19.7351     32.346   0.034965
  141.5300   -18.4991   249.6666    22.5003     28.600   234.4868    19.7772     32.346   0.034965
  141.5612   -18.4588   249.6549    22.5491     28.600   234.4723    19.8192     32.347   0.034965
  141.5923   -18.4185   249.6431    22.5979     28.600   234.4578    19.8613     32.347   0.034965
  141.6234   -18.3781   249.6313    22.6467     28.600   234.4433    19.9033     32.348   0.034965
  141.6545   -18.3377   249.6195    22.6955     28.600   234.4288    19.9454     32.348   0.034965
  141.6856   -18.2974   249.6077    22.7443     28.600   234.4143    19.9874     32.349   0.034965
  141.7167   -18.2570   249.5959    22.7931     28.600   234.3997    20.0294     32.349   0.034965
  141.7478   -18.2167   249.5841    22.8419     28.600   234.3852    20.0715     32.350   0.034965
  141.7788   -18.1763   249.5723    22.8907     28.600   234.3706    20.1135     32.350   0.034965
  141.8098   -18.1359   249.5604    22.9395     28.600   234.3560    20.1555     32.351   0.034965
  141.8409   -18.0955   249.5486    22.9883     28.600   234.3414    20.1975     32.351   0.034965
  141.8719   -18.0551   249.5367    23.0371     28.600   234.3268    20.2395     32.352   0.034965
  141.9028   -18.0147   249.5249    23.0859     28.600   234.3121    20.2815     32.352   0.034965
  141.9338   -17.9743   249.5130    23.1346     28.600   234.2975    20.3235     32.353   0.034965
  141.9648   -17.9339   249.5011    23.1834     28.600   234.2828    20.3655     32.353   0.034965
  141.9957   -17.8935   249.4892    23.2322     28.600   234.2681    20.4075     32.354   0.034965
  142.0267   -17.8531   249.4773    23.2810     28.600   234.2534    20.4495     32.354   0.034965
  133.7758   -27.6562   252.1707    11.1494     28.600   237.3876     9.8923     32.191   0.034965
  133.8115   -27.6175   252.1602    11.1984     28.600   237.3765     9.9353     32.192   0.034965
  133.8472   -27.5788   252.1498    11.2473     28.600   237.3653     9.9783     32.193   0.034965
  133.8829   -27.5401   252.1393    11.2962     28.600   237.3542    10.0214     32.194   0.034965
  133.9185   -27.5013   252.1288    11.3452     28.600   237.3430    10.0644     32.195   0.034965
  133.9542   -27.4626   252.1184    11.3941     28.600   237.3319    10.1074     32.196   0.034965
  133.9898   -27.4238   252.1079    11.4430     28.600   237.3207    10.1504     32.196   0.034965
  134.0253   -27.3851   252.0975    11.4920     28.600   237.3095    10.1934     32.197   0.034965
  134.0609   -27.3463   252.0870    11.5409     28.600   237.2983    10.2364     32.198   0.034965
  134.0964   -27.3075   252.0765    11.5898     28.600   237.2871    10.2793     32.199   0.034965
  134.1319   -27.2687   252.0660    11.6388     28.600   237.2758    10.3223     32.200   0.034965
  134.1673   -27.2299   252.0555    11.6877     28.600   237.2646    10.3653     32.201   0.034965
  134.2028   -27.1911   252.0451    11.7366     28.600   237.2533    10.4083     32.202   0.034965
  134.2382   -27.1523   252.0346    11.7856     28.600   237.2421    10.4513     32.203   0.034965
  134.2736   -27.1134   252.0241    11.8345     28.600   237.2308    10.4942     32.204   0.034965
  134.3090   -27.0746   252.0136    11.8834     28.600   237.2195    10.5372     32.204   0.034965
  134.3443   -27.0358   252.0031    11.9324     28.600   237.2082    10.5802     32.205   0.034965
  134.3796   -26.9969   251.9926    11.9813     28.600   237.1969    10.6231     32.206   0.034965
  134.4149   -26.9580   251.9821    12.0302     28.600   237.1855    10.6661     32.207   0.034965
  134.4502   -26.9192   251.9715    12.0792     28.600   237.1742    10.7090     32.208   0.034965
  134.4855   -26.8803   251.9610    12.1281     28.600   237.1628    10.7520     32.209   0.034965
  134.5207   -26.8414   251.9505    12.1770     28.600   237.1515    10.7949     32.210   0.034965
  134.5559   -26.8025   251.9400    12.2260     28.600   237.1401    10.8379     32.211   0.034965
  134.5911   -26.7636   251.9294    12.2749     28.600   237.1287    10.8808     32.211   0.034965
  134.6262   -26.7247   251.9189    12.3238     28.600   237.1173    10.9237     32.212   0.034965
  134.6613   -26.6857   251.9084    12.3728     28.600   237.1059    10.9666     32.213   0.034965
  134.6964   -26.6468   251.8978    12.4217     28.600   237.0945    11.0096     32.214   0.034965
  134.7315   -26.6079   251.8873    12.4706     28.600   237.0830    11.0525     32.215   0.034965
  134.7666   -26.5689   251.8767    12.5195     28.600   237.0716    11.0954     32.216   0.034965
  134.8016   -26.5299   251.8662    12.5685     28.600   237.0601    11.1383     32.217   0.034965
  134.8366   -26.4910   251.8556    12.6174     28.600   237.0486    11.1812     32.217   0.034965
  134.8716   -26.4520   251.8451    12.6663     28.600   237.0371    11.2241     32.218   0.034965
  134.9066   -26.4130   251.8345    12.7152     28.600   237.0256    11.2670     32.219   0.034965
  134.9415   -26.3740   251.8239    12.7642     28.600   237.0141    11.3099     32.220   0.034965
  134.9764   -26.3350   251.8134    12.8131     28.600   237.0026    11.3528     32.221   0.034965
  135.0113   -26.2960   251.8028    12.8620     28.600   236.9910    11.3957     32.222   0.034965
  135.0462   -26.2570   251.7922    12.9109     28.600   236.9795    11.4386     32.222   0.034965
  135.0810   -26.2179   251.7816    12.9599     28.600   236.9679    11.4815     32.223   0.034965
  135.1158   -26.1789   251.7710    13.0088     28.600   236.9563    11.5243     32.224   0.034965
  135.1506   -26.1399   251.7604    13.0577     28.600   236.9447    11.5672     32.225   0.034965
  135.1854   -26.1008   251.7498    13.1066     28.600   236.9331    11.6101     32.226   0.034965
  135.2202   -26.0617   251.7392    13.1556     28.600   236.9215    11.6529     32.227   0.034965
  135.2549   -26.0227   251.7286    13.2045     28.600   236.9099    11.6958     32.228   0.034965
  135.2896   -25.9836   251.7180    13.2534     28.600   236.8982    11.7387     32.228   0.034965
  135.3243   -25.9445   251.7074    13.3023     28.600   236.8866    11.7815     32.229   0.034965
  135.3589   -25.9054   251.6968    13.3512     28.600   236.8749    11.8244     32.230   0.034965
  135.3936   -25.8663   251.6862    13.4002     28.600   236.8632    11.8672     32.231   0.034965
  135.4282   -25.8272   251.6755    13.4491     28.600   236.8515    11.9100     32.232   0.034965
  135.4628   -25.7881   251.6649    13.4980     28.600   236.8398    11.9529     32.232   0.034965
  135.4973   -25.7490   251.6543    13.5469     28.600   236.8281    11.9957     32.233   0.034965
  135.5319   -25.7098   251.6436    13.5958     28.600   236.8163    12.0385     32.234   0.034965
  135.5664   -25.6707   251.6330    13.6448     28.600   236.8046    12.0814     32.235   0.034965
  135.6009   -25.6315   251.6223    13.6937     28.600   236.7928    12.1242     32.236   0.034965
  135.6354   -25.5924   251.6117    13.7426     28.600   236.7810    12.1670     32.237   0.034965
  135.6698   -25.5532   251.6010    13.7915     28.600   236.7693    12.2098     32.237   0.034965
  135.7042   -25.5140   251.5903    13.8404     28.600   236.7575    12.2526     32.238   0.034965
  135.7386   -25.4748   251.5797    13.8893     28.600   236.7456    12.2954     32.239   0.034965
  135.7730   -25.4356   251.5690    13.9383     28.600   236.7338    12.3382     32.240   0.034965
  135.8074   -25.3964   251.5583    13.9872     28.600   236.7220    12.3810     32.241   0.034965
  135.8417   -25.3572   251.5476    14.0361     28.600   236.7101    12.4238     32.241   0.034965
  135.8761   -25.3180   251.5370    14.0850     28.600   236.6983    12.4666     32.242   0.034965
  135.9103   -25.2788   251.5263    14.1339     28.600   236.6864    12.5094     32.243   0.034965
  135.9446   -25.2396   251.5156    14.1828     28.600   236.6745    12.5522     32.244   0.034965
  135.9789   -25.2003   251.5049    14.2317     28.600   236.6626    12.5949     32.245   0.034965
  136.0131   -25.1611   251.4942    14.2806     28.600   236.6507    12.6377     32.245   0.034965
  136.0473   -25.1218   251.4835    14.3296     28.600   236.6387    12.6805     32.246   0.034965
  136.0815   -25.0825   251.4727    14.3785     28.600   236.6268    12.7232     32.247   0.034965
  136.1157   -25.0433   251.4620    14.4274     28.600   236.6148    12.7660     32.248   0.034965
  136.1498   -25.0040   251.4513    14.4763     28.600   236.6028    12.8088     32.248   0.034965
  136.1839   -24.9647   251.4406    14.5252     28.600   236.5909    12.8515     32.249   0.034965
  136.2180   -24.9254   251.4298    14.5741     28.600   236.5789    12.8943     32.250   0.034965
  136.2521   -24.8861   251.4191    14.6230     28.600   236.5668    12.9370     32.251   0.034965
  136.2861   -24.8468   251.4084    14.6719     28.600   236.5548    12.9797     32.252   0.034965
  136.3202   -24.8075   251.3976    14.7208     28.600   236.5428    13.0225     32.252   0.034965
  136.3542   -24.7681   251.3869    14.7697     28.600   236.5307    13.0652     32.253   0.034965
  136.3882   -24.7288   251.3761    14.8186     28.600   236.5187    13.1079     32.254   0.034965
  136.4221   -24.6895   251.3653    14.8676     28.600   236.5066    13.1507     32.255   0.034965
  136.4561   -24.6501   251.3546    14.9165     28.600   236.4945    13.1934     32.255   0.034965
  136.4900   -24.6108   251.3438    14.9654     28.600   236.4824    13.2361     32.256   0.034965
  136.5239   -24.5714   251.3330    15.0143     28.600   236.4703    13.2788     32.257   0.034965
  136.5578   -24.5320   251.3222    15.0632     28.600   236.4581    13.3215     32.258   0.034965
  136.5917   -24.4926   251.3115    15.1121     28.600   236.4460    13.3642     32.259   0.034965
  136.6255   -24.4533   251.3007    15.1610     28.600   236.4338    13.4069     32.259   0.034965
  136.6593   -24.4139   251.2899    15.2099     28.600   236.4216    13.4496     32.260   0.034965
  136.6931   -24.3745   251.2791    15.2588     28.600   236.4095    13.4923     32.261   0.034965
  136.7269   -24.3351   251.2683    15.3077     28.600   236.3973    13.5350     32.262   0.034965
  136.7607   -24.2956   251.2575    15.3566     28.600   236.3850    13.5777     32.262   0.034965
  136.7944   -24.2562   251.2466    15.4055     28.600   236.3728    13.6204     32.263   0.034965
  136.8281   -24.2168   251.2358    15.4544     28.600   236.3606    13.6630     32.264   0.034965
  136.8618   -24.1773   251.2250    15.5033     28.600   236.3483    13.7057     32.265   0.034965
  136.8955   -24.1379   251.2142    15.5522     28.600   236.3360    13.7484     32.265   0.034965
  136.9291   -24.0984   251.2033    15.6011     28.600   236.3237    13.7910     32.266   0.034965
  136.9628   -24.0590   251.1925    15.6500     28.600   236.3115    13.8337     32.267   0.034965
  136.9964   -24.0195   251.1816    15.6989     28.600   236.2991    13.8763     32.268   0.034965
  137.0300   -23.9800   251.1708    15.7478     28.600   236.2868    13.9190     32.268   0.034965
  137.0635   -23.9405   251.1599    15.7967     28.600   236.2745    13.9616     32.269   0.034965
  137.0971   -23.9011   251.1491    15.8456     28.600   236.2621    14.0043     32.270   0.034965
  137.1306   -23.8616   251.1382    15.8945     28.600   236.2498    14.0469     32.270   0.034965
  137.1641   -23.8221   251.1273    15.9434     28.600   236.2374    14.0896     32.271   0.034965
  137.1976   -23.7825   251.1164    15.9922     28.600   236.2250    14.1322     32.272   0.034965
  137.2311   -23.7430   251.1055    16.0411     28.600   236.2126    14.1748     32.273   0.034965
  137.2645   -23.7035   251.0947    16.0900     28.600   236.2001    14.2174     32.273   0.034965
  137.2979   -23.6640   251.0838    16.1389     28.600   236.1877    14.2601     32.274   0.034965
  137.3313   -23.6244   251.0729    16.1878     28.600   236.1753    14.3027     32.275   0.034965
  137.3647   -23.5849   251.0620    16.2367     28.600   236.1628    14.3453     32.276   0.034965
  137.3981   -23.5453   251.0510    16.2856     28.600   236.1503    14.3879     32.276   0.034965
  137.4314   -23.5057   251.0401    16.3345     28.600   236.1378    14.4305     32.277   0.034965
  137.4648   -23.4662   251.0292    16.3834     28.600   236.1253    14.4731     32.278   0.034965
  137.4981   -23.4266   251.0183    16.4323     28.600   236.1128    14.5157     32.278   0.034965
  137.5314   -23.3870   251.0073    16.4812     28.600   236.1003    14.5583     32.279   0.034965
  137.5646   -23.3474   250.9964    16.5300     28.600   236.0877    14.6008     32.280   0.034965
  137.5979   -23.3078   250.9855    16.5789     28.600   236.0751    14.6434     32.281   0.034965
  137.6311   -23.2682   250.9745    16.6278     28.600   236.0626    14.6860     32.281   0.034965
  137.6643   -23.2286   250.9636    16.6767     28.600   236.0500    14.7286     32.282   0.034965
  137.6975   -23.1890   250.9526    16.7256     28.600   236.0374    14.7711     32.283   0.034965
  137.7307   -23.1494   250.9416    16.7745     28.600   236.0247    14.8137     32.283   0.034965
  137.7638   -23.1097   250.9307    16.8234     28.600   236.0121    14.8563     32.284   0.034965
  137.7969   -23.0701   250.9197    16.8722     28.600   235.9995    14.8988     32.285   0.034965
  137.8300   -23.0304   250.9087    16.9211     28.600   235.9868    14.9414     32.285   0.034965
  137.8631   -22.9908   250.8977    16.9700     28.600   235.9741    14.9839     32.286   0.034965
  137.8962   -22.9511   250.8867    17.0189     28.600   235.9614    15.0265     32.287   0.034965
  137.9292   -22.9115   250.8757    17.0678     28.600   235.9487    15.0690     32.288   0.034965
  137.9623   -22.8718   250.8647    17.1166     28.600   235.9360    15.1115     32.288   0.034965
  137.9953   -22.8321   250.8537    17.1655     28.600   235.9233    15.1541     32.289   0.034965
  138.0283   -22.7924   250.8427    17.2144     28.600   235.9105    15.1966     32.290   0.034965
  138.0613   -22.7527   250.8316    17.2633     28.600   235.8977    15.2391     32.290   0.034965
  138.0942   -22.7130   250.8206    17.3122     28.600   235.8850    15.2816     32.291   0.034965
  138.1271   -22.6733   250.8096    17.3610     28.600   235.8722    15.3241     32.292   0.034965
  138.1601   -22.6336   250.7985    17.4099     28.600   235.8594    15.3667     32.292   0.034965
  138.1930   -22.5939   250.7875    17.4588     28.600   235.8465    15.4092     32.293   0.034965
  138.2258   -22.5541   250.7764    17.5077     28.600   235.8337    15.4517     32.294   0.034965
  138.2587   -22.5144   250.7654    17.5565     28.600   235.8209    15.4942     32.294   0.034965
  138.2915   -22.4747   250.7543    17.6054     28.600   235.8080    15.5366     32.295   0.034965
  138.3243   -22.4349   250.7432    17.6543     28.600   235.7951    15.5791     32.296   0.034965
  138.3571   -22.3952   250.7322    17.7032     28.600   235.7822    15.6216     32.296   0.034965
  138.3899   -22.3554   250.7211    17.7520     28.600   235.7693    15.6641     32.297   0.034965
  138.4227   -22.3156   250.7100    17.8009     28.600   235.7564    15.7066     32.298   0.034965
  138.4554   -22.2759   250.6989    17.8498     28.600   235.7434    15.7490     32.298   0.034965
  138.4882   -22.2361   250.6878    17.8987     28.600   235.7305    15.7915     32.299   0.034965
  138.5209   -22.1963   250.6767    17.9475     28.600   235.7175    15.8340     32.300   0.034965
  138.5536   -22.1565   250.6656    17.9964     28.600   235.7045    15.8764     32.300   0.034965
  138.5862   -22.1167   250.6545    18.0453     28.600   235.6915    15.9189     32.301   0.034965
  138.6189   -22.0769   250.6433    18.0941     28.600   235.6785    15.9613     32.302   0.034965
  138.6515   -22.0371   250.6322    18.1430     28.600   235.6655    16.0038     32.302   0.034965
  138.6841   -21.9973   250.6211    18.1919     28.600   235.6524    16.0462     32.303   0.034965
  138.7167   -21.9574   250.6099    18.2407     28.600   235.6394    16.0887     32.304   0.034965
  138.7493   -21.9176   250.5988    18.2896     28.600   235.6263    16.1311     32.304   0.034965
  138.7819   -21.8778   250.5876    18.3385     28.600   235.6132    16.1735     32.305   0.034965
  138.8144   -21.8379   250.5764    18.3873     28.600   235.6001    16.2159     32.305   0.034965
  138.8470   -21.7981   250.5653    18.4362     28.600   235.5870    16.2584     32.306   0.034965
  138.8795   -21.7582   250.5541    18.4851     28.600   235.5739    16.3008     32.307   0.034965
  138.9119   -21.7183   250.5429    18.5339     28.600   235.5607    16.3432     32.307   0.034965
  138.9444   -21.6785   250.5317    18.5828     28.600   235.5476    16.3856     32.308   0.034965
  138.9769   -21.6386   250.5205    18.6316     28.600   235.5344    16.4280     32.309   0.034965
  139.0093   -21.5987   250.5093    18.6805     28.600   235.5212    16.4704     32.309   0.034965
  139.0417   -21.5588   250.4981    18.7294     28.600   235.5080    16.5128     32.310   0.034965
  139.0741   -21.5189   250.4869    18.7782     28.600   235.4947    16.5552     32.310   0.034965
  139.1065   -21.4790   250.4757    18.8271     28.600   235.4815    16.5976     32.311   0.034965
  139.1389   -21.4391   250.4644    18.8759     28.600   235.4683    16.6399     32.312   0.034965
  139.1712   -21.3992   250.4532    18.9248     28.600   235.4550    16.6823     32.312   0.034965
  139.2035   -21.3593   250.4420    18.9736     28.600   235.4417    16.7247     32.313   0.034965
  139.2359   -21.3193   250.4307    19.0225     28.600   235.4284    16.7671     32.314   0.034965
  139.2681   -21.2794   250.4195    19.0714     28.600   235.4151    16.8094     32.314   0.034965
  139.3004   -21.2395   250.4082    19.1202     28.600   235.4018    16.8518     32.315   0.034965
  139.3327   -21.1995   250.3969    19.1691     28.600   235.3884    16.8941     32.315   0.034965
  139.3649   -21.1596   250.3857    19.2179     28.600   235.3750    16.9365     32.316   0.034965
  139.3971   -21.1196   250.3744    19.2668     28.600   235.3617    16.9788     32.317   0.034965
  139.4294   -21.0796   250.3631    19.3156     28.600   235.3483    17.0212     32.317   0.034965
  139.4615   -21.0397   250.3518    19.3645     28.600   235.3349    17.0635     32.318   0.034965
  139.4937   -20.9997   250.3405    19.4133     28.600   235.3214    17.1059     32.318   0.034965
  139.5259   -20.9597   250.3292    19.4622     28.600   235.3080    17.1482     32.319   0.034965
  139.5580   -20.9197   250.3179    19.5110     28.600   235.2946    17.1905     32.320   0.034965
  139.5901   -20.8797   250.3065    19.5599     28.600   235.2811    17.2328     32.320   0.034965
  139.6222   -20.8397   250.2952    19.6087     28.600   235.2676    17.2751     32.321   0.034965
  139.6543   -20.7997   250.2839    19.6576     28.600   235.2541    17.3175     32.321   0.034965
  139.6864   -20.7597   250.2725    19.7064     28.600   235.2406    17.3598     32.322   0.034965
  139.7184   -20.7197   250.2612    19.7553     28.600   235.2270    17.4021     32.323   0.034965
  139.7505   -20.6797   250.2498    19.8041     28.600   235.2135    17.4444     32.323   0.034965
  139.7825   -20.6396   250.2385    19.8529     28.600   235.1999    17.4867     32.324   0.034965
  139.8145   -20.5996   250.2271    19.9018     28.600   235.1864    17.5289     32.324   0.034965
  139.8465   -20.5595   250.2157    19.9506     28.600   235.1728    17.5712     32.325   0.034965
  139.8784   -20.5195   250.2043    19.9995     28.600   235.1592    17.6135     32.326   0.034965
  139.9104   -20.4794   250.1929    20.0483     28.600   235.1455    17.6558     32.326   0.034965
  139.9423   -20.4394   250.1815    20.0972     28.600   235.1319    17.6981     32.327   0.034965
  139.9742   -20.3993   250.1701    20.1460     28.600   235.1182    17.7403     32.327   0.034965
  140.0061   -20.3592   250.1587    20.1948     28.600   235.1046    17.7826     32.328   0.034965
  140.0380   -20.3192   250.1473    20.2437     28.600   235.0909    17.8248     32.328   0.034965
  140.0699   -20.2791   250.1359    20.2925     28.600   235.0772    17.8671     32.329   0.034965
  140.1017   -20.2390   250.1244    20.3413     28.600   235.0634    17.9093     32.330   0.034965
  140.1336   -20.1989   250.1130    20.3902     28.600   235.0497    17.9516     32.330   0.034965
  140.1654   -20.1588   250.1015    20.4390     28.600   235.0359    17.9938     32.331   0.034965
  140.1972   -20.1187   250.0901    20.4879     28.600   235.0222    18.0361     32.331   0.034965
  140.2290   -20.0786   250.0786    20.5367     28.600   235.0084    18.0783     32.332   0.034965
  140.2608   -20.0385   250.0672    20.5855     28.600   234.9946    18.1205     32.332   0.034965
  140.2925   -19.9983   250.0557    20.6343     28.600   234.9808    18.1627     32.333   0.034965
  140.3242   -19.9582   250.0442    20.6832     28.600   234.9669    18.2050     32.333   0.034965
  140.3560   -19.9181   250.0327    20.7320     28.600   234.9531    18.2472     32.334   0.034965
  140.3877   -19.8779   250.0212    20.7808     28.600   234.9392    18.2894     32.335   0.034965
  140.4194   -19.8378   250.0097    20.8297     28.600   234.9253    18.3316     32.335   0.034965
  140.4510   -19.7976   249.9982    20.8785     28.600   234.9114    18.3738     32.336   0.034965
  140.4827   -19.7575   249.9866    20.9273     28.600   234.8975    18.4160     32.336   0.034965
  140.5143   -19.7173   249.9751    20.9762     28.600   234.8836    18.4582     32.337   0.034965
  140.5460   -19.6771   249.9636    21.0250     28.600   234.8696    18.5004     32.337   0.034965
  140.5776   -19.6370   249.9520    21.0738     28.600   234.8557    18.5425     32.338   0.034965
  140.6092   -19.5968   249.9405    21.1226     28.600   234.8417    18.5847     32.338   0.034965
  140.6407   -19.5566   249.9289    21.1715     28.600   234.8277    18.6269     32.339   0.034965
  140.6723   -19.5164   249.9174    21.2203     28.600   234.8137    18.6691     32.339   0.034965
  140.7038   -19.4762   249.9058    21.2691     28.600   234.7997    18.7112     32.340   0.034965
  140.7354   -19.4360   249.8942    21.3179     28.600   234.7856    18.7534     32.341   0.034965
  140.7669   -19.3958   249.8826    21.3667     28.600   234.7716    18.7955     32.341   0.034965
  140.7984   -19.3556   249.8710    21.4156     28.600   234.7575    18.8377     32.342   0.034965
  140.8299   -19.3154   249.8594    21.4644     28.600   234.7434    18.8798     32.342   0.034965
  140.8613   -19.2752   249.8478    21.5132     28.600   234.7293    18.9220     32.343   0.034965
  140.8928   -19.2349   249.8362    21.5620     28.600   234.7151    18.9641     32.343   0.034965
  140.9242   -19.1947   249.8245    21.6108     28.600   234.7010    19.0062     32.344   0.034965
  140.9556   -19.1545   249.8129    21.6596     28.600   234.6868    19.0484     32.344   0.034965
  140.9871   -19.1142   249.8012    21.7085     28.600   234.6727    19.0905     32.345   0.034965
  141.0184   -19.0740   249.7896    21.7573     28.600   234.6585    19.1326     32.345   0.034965
  141.0498   -19.0337   249.7779    21.8061     28.600   234.6443    19.1747     32.346   0.034965
  141.0812   -18.9934   249.7662    21.8549     28.600   234.6300    19.2168     32.346   0.034965
  141.1125   -18.9532   249.7546    21.9037     28.600   234.6158    19.2589     32.347   0.034965
  141.1439   -18.9129   249.7429    21.9525     28.600   234.6015    19.3010     32.347   0.034965
  141.1752   -18.8726   249.7312    22.0013     28.600   234.5872    19.3431     32.348   0.034965
  141.2065   -18.8324   249.7195    22.0501     28.600   234.5729    19.3852     32.348   0.034965
  141.2378   -18.7921   249.7078    22.0989     28.600   234.5586    19.4273     32.349   0.034965
  141.2690   -18.7518   249.6961    22.1478     28.600   234.5443    19.4694     32.349   0.034965
  141.3003   -18.7115   249.6843    22.1966     28.600   234.5300    19.5114     32.350   0.034965
  141.3315   -18.6712   249.6726    22.2454     28.600   234.5156    19.5535     32.350   0.034965
  141.3628   -18.6309   249.6609    22.2942     28.600   234.5012    19.5956     32.351   0.034965
  141.3940   -18.5906   249.6491    22.3430     28.600   234.4868    19.6376     32.351   0.034965
  141.4252   -18.5502   249.6373    22.3918     28.600   234.4724    19.6797     32.352   0.034965
  141.4563   -18.5099   249.6256    22.4406     28.600   234.4580    19.7218     32.352   0.034965
  141.4875   -18.4696   249.6138    22.4894     28.600   234.4435    19.7638     32.353   0.034965
  141.5187   -18.4293   249.6020    22.5382     28.600   234.4291    19.8059     32.353   0.034965
  141.5498   -18.3889   249.5902    22.5870     28.600   234.4146    19.8479     32.354   0.034965
  141.5809   -18.3486   249.5784    22.6358     28.600   234.4001    19.8899     32.354   0.034965
  141.6120   -18.3082   249.5666    22.6846     28.600   234.3856    19.9320     32.355   0.034965
  141.6431   -18.2679   249.5548    22.7334     28.600   234.3710    19.9740     32.355   0.034965
  141.6742   -18.2275   249.5430    22.7822     28.600   234.3565    20.0160     32.356   0.034965
  141.7053   -18.1872   249.5311    22.8310     28.600   234.3419    20.0580     32.356   0.034965
  141.7363   -18.1468   249.5193    22.8798     28.600   234.3273    20.1000     32.357   0.034965
  141.7673   -18.1064   249.5074    22.9286     28.600   234.3127    20.1420     32.357   0.034965
  141.7984   -18.0660   249.4956    22.9773     28.600   234.2981    20.1840     32.357   0.034965
  141.8294   -18.0256   249.4837    23.0261     28.600   234.2835    20.2260     32.358   0.034965
  141.8604   -17.9853   249.4718    23.0749     28.600   234.2688    20.2680     32.358   0.034965
  141.8914   -17.9449   249.4599    23.1237     28.600   234.2541    20.3100     32.359   0.034965
  141.9223   -17.9045   249.4480    23.1725     28.600   234.2394    20.3520     32.359   0.034965
  141.9533   -17.8641   249.4361    23.2213     28.600   234.2247    20.3940     32.360   0.034965
  141.9842   -17.8237   249.4242    23.2701     28.600   234.2100    20.4359     32.360   0.034965
  133.7321   -27.6246   252.1208    11.1392     28.600   237.3454     9.8813     32.197   0.034965
  133.7679   -27.5859   252.1103    11.1881     28.600   237.3342     9.9243     32.198   0.034965
  133.8036   -27.5472   252.0999    11.2370     28.600   237.3231     9.9673     32.199   0.034965
  133.8392   -27.5085   252.0894    11.2860     28.600   237.3120    10.0103     32.200   0.034965
  133.8749   -27.4697   252.0789    11.3349     28.600   237.3008    10.0533     32.201   0.034965
  133.9105   -27.4310   252.0685    11.3838     28.600   237.2896    10.0963     32.202   0.034965
  133.9461   -27.3922   252.0580    11.4328     28.600   237.2784    10.1393     32.203   0.034965
  133.9817   -27.3535   252.0475    11.4817     28.600   237.2672    10.1823     32.204   0.034965
  134.0172   -27.3147   252.0370    11.5306     28.600   237.2560    10.2253     32.204   0.034965
  134.0527   -27.2759   252.0266    11.5796     28.600   237.2448    10.2683     32.205   0.034965
  134.0882   -27.2372   252.0161    11.6285     28.600   237.2336    10.3112     32.206   0.034965
  134.1237   -27.1984   252.0056    11.6774     28.600   237.2223    10.3542     32.207   0.034965
  134.1592   -27.1596   251.9951    11.7264     28.600   237.2111    10.3972     32.208   0.034965
  134.1946   -27.1208   251.9846    11.7753     28.600   237.1998    10.4401     32.209   0.034965
  134.2300   -27.0819   251.9741    11.8242     28.600   237.1885    10.4831     32.210   0.034965
  134.2654   -27.0431   251.9636    11.8732     28.600   237.1772    10.5261     32.211   0.034965
  134.3007   -27.0043   251.9531    11.9221     28.600   237.1659    10.5690     32.212   0.034965
  134.3360   -26.9654   251.9425    11.9710     28.600   237.1546    10.6120     32.212   0.034965
  134.3713   -26.9266   251.9320    12.0200     28.600   237.1433    10.6549     32.213   0.034965
  134.4066   -26.8877   251.9215    12.0689     28.600   237.1319    10.6978     32.214   0.034965
  134.4419   -26.8488   251.9110    12.1178     28.600   237.1206    10.7408     32.215   0.034965
  134.4771   -26.8100   251.9004    12.1667     28.600   237.1092    10.7837     32.216   0.034965
  134.5123   -26.7711   251.8899    12.2157     28.600   237.0978    10.8266     32.217   0.034965
  134.5475   -26.7322   251.8794    12.2646     28.600   237.0864    10.8696     32.218   0.034965
  134.5826   -26.6933   251.8688    12.3135     28.600   237.0750    10.9125     32.218   0.034965
  134.6178   -26.6544   251.8583    12.3625     28.600   237.0636    10.9554     32.219   0.034965
  134.6529   -26.6154   251.8477    12.4114     28.600   237.0522    10.9983     32.220   0.034965
  134.6880   -26.5765   251.8372    12.4603     28.600   237.0407    11.0412     32.221   0.034965
  134.7230   -26.5376   251.8266    12.5092     28.600   237.0293    11.0841     32.222   0.034965
  134.7581   -26.4986   251.8161    12.5582     28.600   237.0178    11.1270     32.223   0.034965
  134.7931   -26.4596   251.8055    12.6071     28.600   237.0063    11.1699     32.224   0.034965
  134.8281   -26.4207   251.7949    12.6560     28.600   236.9948    11.2128     32.224   0.034965
  134.8630   -26.3817   251.7843    12.7049     28.600   236.9833    11.2557     32.225   0.034965
  134.8980   -26.3427   251.7738    12.7539     28.600   236.9718    11.2986     32.226   0.034965
  134.9329   -26.3037   251.7632    12.8028     28.600   236.9603    11.3415     32.227   0.034965
  134.9678   -26.2647   251.7526    12.8517     28.600   236.9487    11.3844     32.228   0.034965
  135.0027   -26.2257   251.7420    12.9006     28.600   236.9372    11.4272     32.229   0.034965
  135.0375   -26.1867   251.7314    12.9495     28.600   236.9256    11.4701     32.230   0.034965
  135.0723   -26.1477   251.7208    12.9985     28.600   236.9140    11.5130     32.230   0.034965
  135.1071   -26.1086   251.7102    13.0474     28.600   236.9024    11.5558     32.231   0.034965
  135.1419   -26.0696   251.6996    13.0963     28.600   236.8908    11.5987     32.232   0.034965
  135.1767   -26.0305   251.6890    13.1452     28.600   236.8792    11.6415     32.233   0.034965
  135.2114   -25.9915   251.6784    13.1942     28.600   236.8676    11.6844     32.234   0.034965
  135.2461   -25.9524   251.6678    13.2431     28.600   236.8559    11.7272     32.235   0.034965
  135.2808   -25.9133   251.6571    13.2920     28.600   236.8442    11.7701     32.235   0.034965
  135.3155   -25.8742   251.6465    13.3409     28.600   236.8326    11.8129     32.236   0.034965
  135.3501   -25.8352   251.6359    13.3898     28.600   236.8209    11.8558     32.237   0.034965
  135.3847   -25.7961   251.6252    13.4387     28.600   236.8092    11.8986     32.238   0.034965
  135.4193   -25.7569   251.6146    13.4877     28.600   236.7975    11.9414     32.239   0.034965
  135.4539   -25.7178   251.6039    13.5366     28.600   236.7857    11.9842     32.239   0.034965
  135.4884   -25.6787   251.5933    13.5855     28.600   236.7740    12.0271     32.240   0.034965
  135.5230   -25.6396   251.5826    13.6344     28.600   236.7623    12.0699     32.241   0.034965
  135.5575   -25.6004   251.5720    13.6833     28.600   236.7505    12.1127     32.242   0.034965
  135.5919   -25.5613   251.5613    13.7322     28.600   236.7387    12.1555     32.243   0.034965
  135.6264   -25.5221   251.5506    13.7812     28.600   236.7269    12.1983     32.244   0.034965
  135.6608   -25.4829   251.5400    13.8301     28.600   236.7151    12.2411     32.244   0.034965
  135.6952   -25.4438   251.5293    13.8790     28.600   236.7033    12.2839     32.245   0.034965
  135.7296   -25.4046   251.5186    13.9279     28.600   236.6915    12.3267     32.246   0.034965
  135.7640   -25.3654   251.5079    13.9768     28.600   236.6796    12.3695     32.247   0.034965
  135.7984   -25.3262   251.4972    14.0257     28.600   236.6678    12.4122     32.248   0.034965
  135.8327   -25.2870   251.4865    14.0746     28.600   236.6559    12.4550     32.248   0.034965
  135.8670   -25.2478   251.4758    14.1235     28.600   236.6440    12.4978     32.249   0.034965
  135.9013   -25.2086   251.4651    14.1724     28.600   236.6321    12.5406     32.250   0.034965
  135.9355   -25.1693   251.4544    14.2214     28.600   236.6202    12.5833     32.251   0.034965
  135.9697   -25.1301   251.4437    14.2703     28.600   236.6083    12.6261     32.252   0.034965
  136.0040   -25.0908   251.4330    14.3192     28.600   236.5963    12.6689     32.252   0.034965
  136.0381   -25.0516   251.4223    14.3681     28.600   236.5844    12.7116     32.253   0.034965
  136.0723   -25.0123   251.4115    14.4170     28.600   236.5724    12.7544     32.254   0.034965
  136.1065   -24.9731   251.4008    14.4659     28.600   236.5605    12.7971     32.255   0.034965
  136.1406   -24.9338   251.3900    14.5148     28.600   236.5485    12.8398     32.255   0.034965
  136.1747   -24.8945   251.3793    14.5637     28.600   236.5365    12.8826     32.256   0.034965
  136.2088   -24.8552   251.3686    14.6126     28.600   236.5244    12.9253     32.257   0.034965
  136.2428   -24.8159   251.3578    14.6615     28.600   236.5124    12.9680     32.258   0.034965
  136.2769   -24.7766   251.3470    14.7104     28.600   236.5004    13.0108     32.259   0.034965
  136.3109   -24.7373   251.3363    14.7593     28.600   236.4883    13.0535     32.259   0.034965
  136.3449   -24.6979   251.3255    14.8082     28.600   236.4762    13.0962     32.260   0.034965
  136.3789   -24.6586   251.3147    14.8571     28.600   236.4642    13.1389     32.261   0.034965
  136.4128   -24.6193   251.3040    14.9060     28.600   236.4521    13.1816     32.262   0.034965
  136.4467   -24.5799   251.2932    14.9549     28.600   236.4400    13.2243     32.262   0.034965
  136.4806   -24.5406   251.2824    15.0039     28.600   236.4278    13.2670     32.263   0.034965
  136.5145   -24.5012   251.2716    15.0528     28.600   236.4157    13.3097     32.264   0.034965
  136.5484   -24.4618   251.2608    15.1017     28.600   236.4035    13.3524     32.265   0.034965
  136.5822   -24.4225   251.2500    15.1506     28.600   236.3914    13.3951     32.265   0.034965
  136.6161   -24.3831   251.2392    15.1995     28.600   236.3792    13.4378     32.266   0.034965
  136.6499   -24.3437   251.2284    15.2484     28.600   236.3670    13.4805     32.267   0.034965
  136.6837   -24.3043   251.2176    15.2973     28.600   236.3548    13.5232     32.268   0.034965
  136.7174   -24.2649   251.2067    15.3462     28.600   236.3426    13.5658     32.269   0.034965
  136.7512   -24.2255   251.1959    15.3950     28.600   236.3304    13.6085     32.269   0.034965
  136.7849   -24.1860   251.1851    15.4439     28.600   236.3181    13.6512     32.270   0.034965
  136.8186   -24.1466   251.1742    15.4928     28.600   236.3058    13.6938     32.271   0.034965
  136.8523   -24.1072   251.1634    15.5417     28.600   236.2936    13.7365     32.271   0.034965
  136.8859   -24.0677   251.1526    15.5906     28.600   236.2813    13.7791     32.272   0.034965
  136.9195   -24.0283   251.1417    15.6395     28.600   236.2690    13.8218     32.273   0.034965
  136.9532   -23.9888   251.1308    15.6884     28.600   236.2567    13.8644     32.274   0.034965
  136.9868   -23.9493   251.1200    15.7373     28.600   236.2443    13.9071     32.274   0.034965
  137.0203   -23.9099   251.1091    15.7862     28.600   236.2320    13.9497     32.275   0.034965
  137.0539   -23.8704   251.0982    15.8351     28.600   236.2196    13.9924     32.276   0.034965
  137.0874   -23.8309   251.0873    15.8840     28.600   236.2073    14.0350     32.277   0.034965
  137.1209   -23.7914   251.0765    15.9329     28.600   236.1949    14.0776     32.277   0.034965
  137.1544   -23.7519   251.0656    15.9818     28.600   236.1825    14.1202     32.278   0.034965
  137.1879   -23.7124   251.0547    16.0307     28.600   236.1701    14.1628     32.279   0.034965
  137.2213   -23.6729   251.0438    16.0796     28.600   236.1576    14.2055     32.280   0.034965
  137.2548   -23.6333   251.0329    16.1284     28.600   236.1452    14.2481     32.280   0.034965
  137.2882   -23.5938   251.0220    16.1773     28.600   236.1327    14.2907     32.281   0.034965
  137.3216   -23.5543   251.0110    16.2262     28.600   236.1203    14.3333     32.282   0.034965
  137.3550   -23.5147   251.0001    16.2751     28.600   236.1078    14.3759     32.282   0.034965
  137.3883   -23.4752   250.9892    16.3240     28.600   236.0953    14.4184     32.283   0.034965
  137.4216   -23.4356   250.9783    16.3729     28.600   236.0828    14.4610     32.284   0.034965
  137.4549   -23.3960   250.9673    16.4218     28.600   236.0703    14.5036     32.285   0.034965
  137.4882   -23.3565   250.9564    16.4707     28.600   236.0577    14.5462     32.285   0.034965
  137.5215   -23.3169   250.9454    16.5195     28.600   236.0452    14.5888     32.286   0.034965
  137.5548   -23.2773   250.9345    16.5684     28.600   236.0326    14.6313     32.287   0.034965
  137.5880   -23.2377   250.9235    16.6173     28.600   236.0200    14.6739     32.287   0.034965
  137.6212   -23.1981   250.9125    16.6662     28.600   236.0074    14.7165     32.288   0.034965
  137.6544   -23.1585   250.9016    16.7151     28.600   235.9948    14.7590     32.289   0.034965
  137.6876   -23.1189   250.8906    16.7640     28.600   235.9822    14.8016     32.290   0.034965
  137.7207   -23.0792   250.8796    16.8128     28.600   235.9695    14.8441     32.290   0.034965
  137.7538   -23.0396   250.8686    16.8617     28.600   235.9569    14.8867     32.291   0.034965
  137.7870   -23.0000   250.8576    16.9106     28.600   235.9442    14.9292     32.292   0.034965
  137.8201   -22.9603   250.8466    16.9595     28.600   235.9315    14.9718     32.292   0.034965
  137.8531   -22.9207   250.8356    17.0084     28.600   235.9188    15.0143     32.293   0.034965
  137.8862   -22.8810   250.8246    17.0572     28.600   235.9061    15.0568     32.294   0.034965
  137.9192   -22.8414   250.8136    17.1061     28.600   235.8934    15.0993     32.294   0.034965
  137.9522   -22.8017   250.8025    17.1550     28.600   235.8807    15.1419     32.295   0.034965
  137.9852   -22.7620   250.7915    17.2039     28.600   235.8679    15.1844     32.296   0.034965
  138.0182   -22.7223   250.7805    17.2527     28.600   235.8551    15.2269     32.296   0.034965
  138.0512   -22.6826   250.7694    17.3016     28.600   235.8424    15.2694     32.297   0.034965
  138.0841   -22.6429   250.7584    17.3505     28.600   235.8296    15.3119     32.298   0.034965
  138.1170   -22.6032   250.7473    17.3994     28.600   235.8167    15.3544     32.298   0.034965
  138.1499   -22.5635   250.7363    17.4482     28.600   235.8039    15.3969     32.299   0.034965
  138.1828   -22.5238   250.7252    17.4971     28.600   235.7911    15.4394     32.300   0.034965
  138.2157   -22.4841   250.7141    17.5460     28.600   235.7782    15.4819     32.300   0.034965
  138.2485   -22.4443   250.7030    17.5949     28.600   235.7653    15.5243     32.301   0.034965
  138.2814   -22.4046   250.6920    17.6437     28.600   235.7525    15.5668     32.302   0.034965
  138.3142   -22.3648   250.6809    17.6926     28.600   235.7396    15.6093     32.302   0.034965
  138.3469   -22.3251   250.6698    17.7415     28.600   235.7266    15.6518     32.303   0.034965
  138.3797   -22.2853   250.6587    17.7903     28.600   235.7137    15.6942     32.304   0.034965
  138.4125   -22.2456   250.6476    17.8392     28.600   235.7008    15.7367     32.304   0.034965
  138.4452   -22.2058   250.6364    17.8881     28.600   235.6878    15.7791     32.305   0.034965
  138.4779   -22.1660   250.6253    17.9369     28.600   235.6748    15.8216     32.306   0.034965
  138.5106   -22.1262   250.6142    17.9858     28.600   235.6618    15.8640     32.306   0.034965
  138.5433   -22.0864   250.6031    18.0347     28.600   235.6488    15.9065     32.307   0.034965
  138.5759   -22.0466   250.5919    18.0835     28.600   235.6358    15.9489     32.308   0.034965
  138.6086   -22.0068   250.5808    18.1324     28.600   235.6228    15.9914     32.308   0.034965
  138.6412   -21.9670   250.5696    18.1813     28.600   235.6097    16.0338     32.309   0.034965
  138.6738   -21.9272   250.5585    18.2301     28.600   235.5967    16.0762     32.310   0.034965
  138.7064   -21.8874   250.5473    18.2790     28.600   235.5836    16.1186     32.310   0.034965
  138.7390   -21.8475   250.5361    18.3279     28.600   235.5705    16.1611     32.311   0.034965
  138.7715   -21.8077   250.5249    18.3767     28.600   235.5574    16.2035     32.312   0.034965
  138.8040   -21.7679   250.5138    18.4256     28.600   235.5443    16.2459     32.312   0.034965
  138.8365   -21.7280   250.5026    18.4744     28.600   235.5311    16.2883     32.313   0.034965
  138.8690   -21.6881   250.4914    18.5233     28.600   235.5180    16.3307     32.314   0.034965
  138.9015   -21.6483   250.4802    18.5722     28.600   235.5048    16.3731     32.314   0.034965
  138.9340   -21.6084   250.4690    18.6210     28.600   235.4916    16.4155     32.315   0.034965
  138.9664   -21.5685   250.4577    18.6699     28.600   235.4784    16.4579     32.315   0.034965
  138.9988   -21.5287   250.4465    18.7187     28.600   235.4652    16.5002     32.316   0.034965
  139.0312   -21.4888   250.4353    18.7676     28.600   235.4520    16.5426     32.317   0.034965
  139.0636   -21.4489   250.4241    18.8164     28.600   235.4387    16.5850     32.317   0.034965
  139.0960   -21.4090   250.4128    18.8653     28.600   235.4255    16.6274     32.318   0.034965
  139.1284   -21.3691   250.4016    18.9142     28.600   235.4122    16.6697     32.319   0.034965
  139.1607   -21.3292   250.3903    18.9630     28.600   235.3989    16.7121     32.319   0.034965
  139.1930   -21.2892   250.3790    19.0119     28.600   235.3856    16.7545     32.320   0.034965
  139.2253   -21.2493   250.3678    19.0607     28.600   235.3723    16.7968     32.320   0.034965
  139.2576   -21.2094   250.3565    19.1096     28.600   235.3590    16.8392     32.321   0.034965
  139.2898   -21.1694   250.3452    19.1584     28.600   235.3456    16.8815     32.322   0.034965
  139.3221   -21.1295   250.3339    19.2073     28.600   235.3322    16.9238     32.322   0.034965
  139.3543   -21.0895   250.3226    19.2561     28.600   235.3189    16.9662     32.323   0.034965
  139.3865   -21.0496   250.3113    19.3050     28.600   235.3055    17.0085     32.323   0.034965
  139.4187   -21.0096   250.3000    19.3538     28.600   235.2920    17.0508     32.324   0.034965
  139.4509   -20.9697   250.2887    19.4027     28.600   235.2786    17.0932     32.325   0.034965
  139.4831   -20.9297   250.2774    19.4515     28.600   235.2652    17.1355     32.325   0.034965
  139.5152   -20.8897   250.2660    19.5003     28.600   235.2517    17.1778     32.326   0.034965
  139.5473   -20.8497   250.2547    19.5492     28.600   235.2382    17.2201     32.326   0.034965
  139.5794   -20.8097   250.2434    19.5980     28.600   235.2247    17.2624     32.327   0.034965
  139.6115   -20.7697   250.2320    19.6469     28.600   235.2112    17.3047     32.328   0.034965
  139.6436   -20.7297   250.2207    19.6957     28.600   235.1977    17.3470     32.328   0.034965
  139.6757   -20.6897   250.2093    19.7446     28.600   235.1842    17.3893     32.329   0.034965
  139.7077   -20.6497   250.1979    19.7934     28.600   235.1706    17.4316     32.329   0.034965
  139.7397   -20.6097   250.1865    19.8422     28.600   235.1571    17.4739     32.330   0.034965
  139.7717   -20.5696   250.1752    19.8911     28.600   235.1435    17.5161     32.331   0.034965
  139.8037   -20.5296   250.1638    19.9399     28.600   235.1299    17.5584     32.331   0.034965
  139.8357   -20.4896   250.1524    19.9888     28.600   235.1163    17.6007     32.332   0.034965
  139.8676   -20.4495   250.1410    20.0376     28.600   235.1026    17.6429     32.332   0.034965
  139.8996   -20.4095   250.1295    20.0864     28.600   235.0890    17.6852     32.333   0.034965
  139.9315   -20.3694   250.1181    20.1353     28.600   235.0753    17.7275     32.333   0.034965
  139.9634   -20.3293   250.1067    20.1841     28.600   235.0616    17.7697     32.334   0.034965
  139.9953   -20.2893   250.0953    20.2329     28.600   235.0479    17.8120     32.335   0.034965
  140.0272   -20.2492   250.0838    20.2818     28.600   235.0342    17.8542     32.335   0.034965
  140.0590   -20.2091   250.0724    20.3306     28.600   235.0205    17.8964     32.336   0.034965
  140.0909   -20.1690   250.0609    20.3794     28.600   235.0068    17.9387     32.336   0.034965
  140.1227   -20.1289   250.0494    20.4283     28.600   234.9930    17.9809     32.337   0.034965
  140.1545   -20.0888   250.0380    20.4771     28.600   234.9792    18.0231     32.337   0.034965
  140.1863   -20.0487   250.0265    20.5259     28.600   234.9654    18.0653     32.338   0.034965
  140.2181   -20.0086   250.0150    20.5748     28.600   234.9516    18.1076     32.339   0.034965
  140.2498   -19.9685   250.0035    20.6236     28.600   234.9378    18.1498     32.339   0.034965
  140.2816   -19.9284   249.9920    20.6724     28.600   234.9240    18.1920     32.340   0.034965
  140.3133   -19.8882   249.9805    20.7213     28.600   234.9101    18.2342     32.340   0.034965
  140.3450   -19.8481   249.9690    20.7701     28.600   234.8962    18.2764     32.341   0.034965
  140.3767   -19.8080   249.9574    20.8189     28.600   234.8823    18.3186     32.341   0.034965
  140.4084   -19.7678   249.9459    20.8677     28.600   234.8684    18.3608     32.342   0.034965
  140.4400   -19.7277   249.9344    20.9166     28.600   234.8545    18.4029     32.342   0.034965
  140.4717   -19.6875   249.9228    20.9654     28.600   234.8406    18.4451     32.343   0.034965
  140.5033   -19.6474   249.9113    21.0142     28.600   234.8266    18.4873     32.343   0.034965
  140.5349   -19.6072   249.8997    21.0630     28.600   234.8127    18.5295     32.344   0.034965
  140.5665   -19.5670   249.8881    21.1118     28.600   234.7987    18.5716     32.345   0.034965
  140.5981   -19.5269   249.8766    21.1607     28.600   234.7847    18.6138     32.345   0.034965
  140.6297   -19.4867   249.8650    21.2095     28.600   234.7706    18.6560     32.346   0.034965
  140.6612   -19.4465   249.8534    21.2583     28.600   234.7566    18.6981     32.346   0.034965
  140.6927   -19.4063   249.8418    21.3071     28.600   234.7426    18.7403     32.347   0.034965
  140.7243   -19.3661   249.8302    21.3559     28.600   234.7285    18.7824     32.347   0.034965
  140.7558   -19.3259   249.8186    21.4047     28.600   234.7144    18.8245     32.348   0.034965
  140.7873   -19.2857   249.8069    21.4536     28.600   234.7003    18.8667     32.348   0.034965
  140.8187   -19.2455   249.7953    21.5024     28.600   234.6862    18.9088     32.349   0.034965
  140.8502   -19.2052   249.7837    21.5512     28.600   234.6721    18.9509     32.349   0.034965
  140.8816   -19.1650   249.7720    21.6000     28.600   234.6579    18.9930     32.350   0.034965
  140.9131   -19.1248   249.7604    21.6488     28.600   234.6437    19.0352     32.350   0.034965
  140.9445   -19.0845   249.7487    21.6976     28.600   234.6296    19.0773     32.351   0.034965
  140.9759   -19.0443   249.7370    21.7464     28.600   234.6153    19.1194     32.351   0.034965
  141.0072   -19.0041   249.7253    21.7952     28.600   234.6011    19.1615     32.352   0.034965
  141.0386   -18.9638   249.7137    21.8441     28.600   234.5869    19.2036     32.352   0.034965
  141.0700   -18.9235   249.7020    21.8929     28.600   234.5726    19.2457     32.353   0.034965
  141.1013   -18.8833   249.6903    21.9417     28.600   234.5584    19.2878     32.353   0.034965
  141.1326   -18.8430   249.6786    21.9905     28.600   234.5441    19.3298     32.354   0.034965
  141.1639   -18.8027   249.6668    22.0393     28.600   234.5298    19.3719     32.354   0.034965
  141.1952   -18.7625   249.6551    22.0881     28.600   234.5155    19.4140     32.355   0.034965
  141.2265   -18.7222   249.6434    22.1369     28.600   234.5011    19.4561     32.355   0.034965
  141.2577   -18.6819   249.6316    22.1857     28.600   234.4868    19.4981     32.356   0.034965
  141.2890   -18.6416   249.6199    22.2345     28.600   234.4724    19.5402     32.356   0.034965
  141.3202   -18.6013   249.6081    22.2833     28.600   234.4580    19.5822     32.357   0.034965
  141.3514   -18.5610   249.5963    22.3321     28.600   234.4436    19.6243     32.357   0.034965
  141.3826   -18.5207   249.5846    22.3809     28.600   234.4292    19.6663     32.358   0.034965
  141.4138   -18.4804   249.5728    22.4297     28.600   234.4148    19.7084     32.358   0.034965
  141.4450   -18.4400   249.5610    22.4785     28.600   234.4003    19.7504     32.359   0.034965
  141.4761   -18.3997   249.5492    22.5273     28.600   234.3858    19.7925     32.359   0.034965
  141.5073   -18.3594   249.5374    22.5761     28.600   234.3714    19.8345     32.360   0.034965
  141.5384   -18.3190   249.5256    22.6249     28.600   234.3568    19.8765     32.360   0.034965
  141.5695   -18.2787   249.5137    22.6737     28.600   234.3423    19.9185     32.361   0.034965
  141.6006   -18.2383   249.5019    22.7225     28.600   234.3278    19.9605     32.361   0.034965
  141.6317   -18.1980   249.4900    22.7713     28.600   234.3132    20.0025     32.362   0.034965
  141.6628   -18.1576   249.4782    22.8200     28.600   234.2986    20.0445     32.362   0.034965
  141.6938   -18.1173   249.4663    22.8688     28.600   234.2841    20.0865     32.363   0.034965
  141.7249   -18.0769   249.4545    22.9176     28.600   234.2694    20.1285     32.363   0.034965
  141.7559   -18.0365   249.4426    22.9664     28.600   234.2548    20.1705     32.364   0.034965
  141.7869   -17.9962   249.4307    23.0152     28.600   234.2402    20.2125     32.364   0.034965
  141.8179   -17.9558   249.4188    23.0640     28.600   234.2255    20.2545     32.365   0.034965
  141.8489   -17.9154   249.4069    23.1128     28.600   234.2108    20.2965     32.365   0.034965
  141.8799   -17.8750   249.3950    23.1616     28.600   234.1961    20.3384     32.365   0.034965
  141.9108   -17.8346   249.3831    23.2103     28.600   234.1814    20.3804     32.366   0.034965
  141.9418   -17.7942   249.3711    23.2591     28.600   234.1667    20.4224     32.366   0.034965
