#   RA_deg    DEC_deg      l_deg      b_deg   Rhel_kpc    phi_deg  theta_deg   Rgal_kpc
   64.1685   -23.2144   219.9922   -43.7126     -1.000    -1.0000    -1.0000     -1.000
   64.1944   -23.2584   220.0598   -43.7019     -1.000    -1.0000    -1.0000     -1.000
   64.2203   -23.3023   220.1273   -43.6911     -1.000    -1.0000    -1.0000     -1.000
   64.2463   -23.3463   220.1948   -43.6803     -1.000    -1.0000    -1.0000     -1.000
   64.2722   -23.3903   220.2623   -43.6694     -1.000    -1.0000    -1.0000     -1.000
   64.2982   -23.4342   220.3297   -43.6585     -1.000    -1.0000    -1.0000     -1.000
   64.3242   -23.4781   220.3972   -43.6475     -1.000    -1.0000    -1.0000     -1.000
   64.3502   -23.5221   220.4646   -43.6366     -1.000    -1.0000    -1.0000     -1.000
   64.3763   -23.5660   220.5320   -43.6255     -1.000    -1.0000    -1.0000     -1.000
   64.4023   -23.6100   220.5993   -43.6145     -1.000    -1.0000    -1.0000     -1.000
   64.4284   -23.6539   220.6666   -43.6034     -1.000    -1.0000    -1.0000     -1.000
   64.4545   -23.6978   220.7339   -43.5922     -1.000    -1.0000    -1.0000     -1.000
   64.4806   -23.7417   220.8012   -43.5810     -1.000    -1.0000    -1.0000     -1.000
   64.5067   -23.7856   220.8685   -43.5698     -1.000    -1.0000    -1.0000     -1.000
   64.5328   -23.8296   220.9357   -43.5585     -1.000    -1.0000    -1.0000     -1.000
   64.5590   -23.8735   221.0029   -43.5472     -1.000    -1.0000    -1.0000     -1.000
   64.5852   -23.9174   221.0701   -43.5359     -1.000    -1.0000    -1.0000     -1.000
   64.6114   -23.9613   221.1373   -43.5245     -1.000    -1.0000    -1.0000     -1.000
   64.6376   -24.0052   221.2044   -43.5131     -1.000    -1.0000    -1.0000     -1.000
   64.6638   -24.0490   221.2715   -43.5016     -1.000    -1.0000    -1.0000     -1.000
   64.6900   -24.0929   221.3386   -43.4901     -1.000    -1.0000    -1.0000     -1.000
   64.7163   -24.1368   221.4056   -43.4786     -1.000    -1.0000    -1.0000     -1.000
   64.7426   -24.1807   221.4726   -43.4670     -1.000    -1.0000    -1.0000     -1.000
   64.7689   -24.2245   221.5396   -43.4554     -1.000    -1.0000    -1.0000     -1.000
   64.7952   -24.2684   221.6066   -43.4438     -1.000    -1.0000    -1.0000     -1.000
   64.8215   -24.3123   221.6736   -43.4321     -1.000    -1.0000    -1.0000     -1.000
   64.8479   -24.3561   221.7405   -43.4203     -1.000    -1.0000    -1.0000     -1.000
   64.8743   -24.4000   221.8074   -43.4086     -1.000    -1.0000    -1.0000     -1.000
   64.9007   -24.4438   221.8743   -43.3968     -1.000    -1.0000    -1.0000     -1.000
   64.9271   -24.4877   221.9411   -43.3849     -1.000    -1.0000    -1.0000     -1.000
   64.9535   -24.5315   222.0079   -43.3730     -1.000    -1.0000    -1.0000     -1.000
   64.9799   -24.5753   222.0747   -43.3611     -1.000    -1.0000    -1.0000     -1.000
   65.0064   -24.6192   222.1415   -43.3491     -1.000    -1.0000    -1.0000     -1.000
   65.0329   -24.6630   222.2082   -43.3371     -1.000    -1.0000    -1.0000     -1.000
   65.0594   -24.7068   222.2749   -43.3251     -1.000    -1.0000    -1.0000     -1.000
   65.0859   -24.7506   222.3416   -43.3130     -1.000    -1.0000    -1.0000     -1.000
   65.1124   -24.7944   222.4083   -43.3009     -1.000    -1.0000    -1.0000     -1.000
   65.1390   -24.8382   222.4749   -43.2887     -1.000    -1.0000    -1.0000     -1.000
   65.1656   -24.8820   222.5415   -43.2765     -1.000    -1.0000    -1.0000     -1.000
   65.1922   -24.9258   222.6081   -43.2643     -1.000    -1.0000    -1.0000     -1.000
   65.2188   -24.9696   222.6747   -43.2520     -1.000    -1.0000    -1.0000     -1.000
   65.2454   -25.0134   222.7412   -43.2397     -1.000    -1.0000    -1.0000     -1.000
   65.2721   -25.0572   222.8077   -43.2273     -1.000    -1.0000    -1.0000     -1.000
   65.2987   -25.1010   222.8742   -43.2149     -1.000    -1.0000    -1.0000     -1.000
   65.3254   -25.1448   222.9406   -43.2025     -1.000    -1.0000    -1.0000     -1.000
   65.3521   -25.1885   223.0070   -43.1900     -1.000    -1.0000    -1.0000     -1.000
   65.3789   -25.2323   223.0734   -43.1775     -1.000    -1.0000    -1.0000     -1.000
   65.4056   -25.2760   223.1398   -43.1650     -1.000    -1.0000    -1.0000     -1.000
   65.4324   -25.3198   223.2061   -43.1524     -1.000    -1.0000    -1.0000     -1.000
   65.4592   -25.3635   223.2724   -43.1398     -1.000    -1.0000    -1.0000     -1.000
   65.4860   -25.4073   223.3387   -43.1271     -1.000    -1.0000    -1.0000     -1.000
   65.5128   -25.4510   223.4050   -43.1144     -1.000    -1.0000    -1.0000     -1.000
   65.5397   -25.4948   223.4712   -43.1017     -1.000    -1.0000    -1.0000     -1.000
   65.5665   -25.5385   223.5374   -43.0889     -1.000    -1.0000    -1.0000     -1.000
   65.5934   -25.5822   223.6036   -43.0761     -1.000    -1.0000    -1.0000     -1.000
   65.6203   -25.6259   223.6697   -43.0632     -1.000    -1.0000    -1.0000     -1.000
   65.6472   -25.6696   223.7358   -43.0504     -1.000    -1.0000    -1.0000     -1.000
   65.6742   -25.7134   223.8019   -43.0374     -1.000    -1.0000    -1.0000     -1.000
   65.7011   -25.7571   223.8680   -43.0245     -1.000    -1.0000    -1.0000     -1.000
   65.7281   -25.8008   223.9340   -43.0115     -1.000    -1.0000    -1.0000     -1.000
   65.7551   -25.8445   224.0000   -42.9984     -1.000    -1.0000    -1.0000     -1.000
   65.7821   -25.8881   224.0660   -42.9853     -1.000    -1.0000    -1.0000     -1.000
   65.8092   -25.9318   224.1320   -42.9722     -1.000    -1.0000    -1.0000     -1.000
   65.8362   -25.9755   224.1979   -42.9591     -1.000    -1.0000    -1.0000     -1.000
   65.8633   -26.0192   224.2638   -42.9459     -1.000    -1.0000    -1.0000     -1.000
   65.8904   -26.0629   224.3296   -42.9326     -1.000    -1.0000    -1.0000     -1.000
   65.9176   -26.1065   224.3955   -42.9194     -1.000    -1.0000    -1.0000     -1.000
   65.9447   -26.1502   224.4613   -42.9061     -1.000    -1.0000    -1.0000     -1.000
   65.9719   -26.1938   224.5271   -42.8927     -1.000    -1.0000    -1.0000     -1.000
   65.9990   -26.2375   224.5928   -42.8793     -1.000    -1.0000    -1.0000     -1.000
   66.0263   -26.2811   224.6585   -42.8659     -1.000    -1.0000    -1.0000     -1.000
   66.0535   -26.3248   224.7242   -42.8525     -1.000    -1.0000    -1.0000     -1.000
   66.0807   -26.3684   224.7899   -42.8390     -1.000    -1.0000    -1.0000     -1.000
   66.1080   -26.4120   224.8555   -42.8254     -1.000    -1.0000    -1.0000     -1.000
   66.1353   -26.4556   224.9211   -42.8119     -1.000    -1.0000    -1.0000     -1.000
   66.1626   -26.4993   224.9867   -42.7983     -1.000    -1.0000    -1.0000     -1.000
   66.1899   -26.5429   225.0523   -42.7846     -1.000    -1.0000    -1.0000     -1.000
   66.2173   -26.5865   225.1178   -42.7709     -1.000    -1.0000    -1.0000     -1.000
   66.2446   -26.6301   225.1833   -42.7572     -1.000    -1.0000    -1.0000     -1.000
   66.2720   -26.6737   225.2487   -42.7435     -1.000    -1.0000    -1.0000     -1.000
   66.2994   -26.7173   225.3142   -42.7297     -1.000    -1.0000    -1.0000     -1.000
   66.3269   -26.7609   225.3796   -42.7159     -1.000    -1.0000    -1.0000     -1.000
   66.3543   -26.8044   225.4449   -42.7020     -1.000    -1.0000    -1.0000     -1.000
   66.3818   -26.8480   225.5103   -42.6881     -1.000    -1.0000    -1.0000     -1.000
   66.4093   -26.8916   225.5756   -42.6741     -1.000    -1.0000    -1.0000     -1.000
   66.4368   -26.9352   225.6409   -42.6602     -1.000    -1.0000    -1.0000     -1.000
   66.4643   -26.9787   225.7062   -42.6461     -1.000    -1.0000    -1.0000     -1.000
   66.4919   -27.0223   225.7714   -42.6321     -1.000    -1.0000    -1.0000     -1.000
   66.5195   -27.0658   225.8366   -42.6180     -1.000    -1.0000    -1.0000     -1.000
   66.5471   -27.1094   225.9018   -42.6039     -1.000    -1.0000    -1.0000     -1.000
   66.5747   -27.1529   225.9669   -42.5897     -1.000    -1.0000    -1.0000     -1.000
   66.6024   -27.1964   226.0320   -42.5755     -1.000    -1.0000    -1.0000     -1.000
   66.6300   -27.2400   226.0971   -42.5613     -1.000    -1.0000    -1.0000     -1.000
   66.6577   -27.2835   226.1621   -42.5470     -1.000    -1.0000    -1.0000     -1.000
   66.6854   -27.3270   226.2272   -42.5327     -1.000    -1.0000    -1.0000     -1.000
   66.7132   -27.3705   226.2921   -42.5183     -1.000    -1.0000    -1.0000     -1.000
   66.7409   -27.4140   226.3571   -42.5040     -1.000    -1.0000    -1.0000     -1.000
   66.7687   -27.4575   226.4220   -42.4895     -1.000    -1.0000    -1.0000     -1.000
   66.7965   -27.5010   226.4869   -42.4751     -1.000    -1.0000    -1.0000     -1.000
   66.8243   -27.5445   226.5518   -42.4606     -1.000    -1.0000    -1.0000     -1.000
   66.8521   -27.5880   226.6167   -42.4461     -1.000    -1.0000    -1.0000     -1.000
   66.8800   -27.6315   226.6815   -42.4315     -1.000    -1.0000    -1.0000     -1.000
   66.9079   -27.6749   226.7462   -42.4169     -1.000    -1.0000    -1.0000     -1.000
   66.9358   -27.7184   226.8110   -42.4022     -1.000    -1.0000    -1.0000     -1.000
   66.9637   -27.7619   226.8757   -42.3876     -1.000    -1.0000    -1.0000     -1.000
   66.9917   -27.8053   226.9404   -42.3728     -1.000    -1.0000    -1.0000     -1.000
   67.0197   -27.8488   227.0051   -42.3581     -1.000    -1.0000    -1.0000     -1.000
   67.0477   -27.8922   227.0697   -42.3433     -1.000    -1.0000    -1.0000     -1.000
   67.0757   -27.9357   227.1343   -42.3285     -1.000    -1.0000    -1.0000     -1.000
   67.1037   -27.9791   227.1989   -42.3136     -1.000    -1.0000    -1.0000     -1.000
   67.1318   -28.0225   227.2634   -42.2987     -1.000    -1.0000    -1.0000     -1.000
   67.1599   -28.0659   227.3279   -42.2838     -1.000    -1.0000    -1.0000     -1.000
   67.1880   -28.1094   227.3924   -42.2688     -1.000    -1.0000    -1.0000     -1.000
   67.2161   -28.1528   227.4568   -42.2538     -1.000    -1.0000    -1.0000     -1.000
   67.2443   -28.1962   227.5213   -42.2388     -1.000    -1.0000    -1.0000     -1.000
   67.2725   -28.2396   227.5856   -42.2237     -1.000    -1.0000    -1.0000     -1.000
   67.3007   -28.2830   227.6500   -42.2086     -1.000    -1.0000    -1.0000     -1.000
   67.3289   -28.3264   227.7143   -42.1935     -1.000    -1.0000    -1.0000     -1.000
   67.3571   -28.3697   227.7786   -42.1783     -1.000    -1.0000    -1.0000     -1.000
   67.3854   -28.4131   227.8429   -42.1631     -1.000    -1.0000    -1.0000     -1.000
   67.4137   -28.4565   227.9071   -42.1478     -1.000    -1.0000    -1.0000     -1.000
   67.4420   -28.4998   227.9713   -42.1325     -1.000    -1.0000    -1.0000     -1.000
   67.4704   -28.5432   228.0355   -42.1172     -1.000    -1.0000    -1.0000     -1.000
   67.4987   -28.5866   228.0996   -42.1018     -1.000    -1.0000    -1.0000     -1.000
   67.5271   -28.6299   228.1637   -42.0864     -1.000    -1.0000    -1.0000     -1.000
   67.5555   -28.6732   228.2278   -42.0710     -1.000    -1.0000    -1.0000     -1.000
   67.5840   -28.7166   228.2918   -42.0555     -1.000    -1.0000    -1.0000     -1.000
   67.6124   -28.7599   228.3559   -42.0400     -1.000    -1.0000    -1.0000     -1.000
   67.6409   -28.8032   228.4198   -42.0245     -1.000    -1.0000    -1.0000     -1.000
   67.6694   -28.8465   228.4838   -42.0089     -1.000    -1.0000    -1.0000     -1.000
   67.6979   -28.8899   228.5477   -41.9933     -1.000    -1.0000    -1.0000     -1.000
   67.7265   -28.9332   228.6116   -41.9777     -1.000    -1.0000    -1.0000     -1.000
   67.7551   -28.9765   228.6754   -41.9620     -1.000    -1.0000    -1.0000     -1.000
   67.7837   -29.0197   228.7393   -41.9463     -1.000    -1.0000    -1.0000     -1.000
   67.8123   -29.0630   228.8031   -41.9305     -1.000    -1.0000    -1.0000     -1.000
   67.8409   -29.1063   228.8668   -41.9147     -1.000    -1.0000    -1.0000     -1.000
   67.8696   -29.1496   228.9306   -41.8989     -1.000    -1.0000    -1.0000     -1.000
   67.8983   -29.1929   228.9943   -41.8830     -1.000    -1.0000    -1.0000     -1.000
   67.9270   -29.2361   229.0579   -41.8671     -1.000    -1.0000    -1.0000     -1.000
   67.9558   -29.2794   229.1216   -41.8512     -1.000    -1.0000    -1.0000     -1.000
   67.9845   -29.3226   229.1852   -41.8352     -1.000    -1.0000    -1.0000     -1.000
   68.0133   -29.3659   229.2487   -41.8192     -1.000    -1.0000    -1.0000     -1.000
   68.0422   -29.4091   229.3123   -41.8032     -1.000    -1.0000    -1.0000     -1.000
   68.0710   -29.4523   229.3758   -41.7871     -1.000    -1.0000    -1.0000     -1.000
   68.0999   -29.4956   229.4393   -41.7710     -1.000    -1.0000    -1.0000     -1.000
   68.1288   -29.5388   229.5027   -41.7549     -1.000    -1.0000    -1.0000     -1.000
   68.1577   -29.5820   229.5661   -41.7387     -1.000    -1.0000    -1.0000     -1.000
   68.1866   -29.6252   229.6295   -41.7225     -1.000    -1.0000    -1.0000     -1.000
   68.2156   -29.6684   229.6928   -41.7063     -1.000    -1.0000    -1.0000     -1.000
   68.2446   -29.7116   229.7562   -41.6900     -1.000    -1.0000    -1.0000     -1.000
   68.2736   -29.7548   229.8195   -41.6737     -1.000    -1.0000    -1.0000     -1.000
   68.3026   -29.7980   229.8827   -41.6573     -1.000    -1.0000    -1.0000     -1.000
   68.3317   -29.8411   229.9459   -41.6410     -1.000    -1.0000    -1.0000     -1.000
   68.3608   -29.8843   230.0091   -41.6245     -1.000    -1.0000    -1.0000     -1.000
   68.3899   -29.9275   230.0723   -41.6081     -1.000    -1.0000    -1.0000     -1.000
   68.4191   -29.9706   230.1354   -41.5916     -1.000    -1.0000    -1.0000     -1.000
   68.4482   -30.0138   230.1985   -41.5751     -1.000    -1.0000    -1.0000     -1.000
   68.4774   -30.0569   230.2615   -41.5585     -1.000    -1.0000    -1.0000     -1.000
   68.5066   -30.1000   230.3246   -41.5419     -1.000    -1.0000    -1.0000     -1.000
   68.5359   -30.1432   230.3876   -41.5253     -1.000    -1.0000    -1.0000     -1.000
   68.5651   -30.1863   230.4505   -41.5087     -1.000    -1.0000    -1.0000     -1.000
   68.5944   -30.2294   230.5135   -41.4920     -1.000    -1.0000    -1.0000     -1.000
   68.6238   -30.2725   230.5764   -41.4752     -1.000    -1.0000    -1.0000     -1.000
   68.6531   -30.3156   230.6392   -41.4585     -1.000    -1.0000    -1.0000     -1.000
   68.6825   -30.3587   230.7020   -41.4417     -1.000    -1.0000    -1.0000     -1.000
   68.7119   -30.4018   230.7648   -41.4248     -1.000    -1.0000    -1.0000     -1.000
   68.7413   -30.4449   230.8276   -41.4080     -1.000    -1.0000    -1.0000     -1.000
   68.7708   -30.4880   230.8904   -41.3911     -1.000    -1.0000    -1.0000     -1.000
   68.8002   -30.5310   230.9531   -41.3742     -1.000    -1.0000    -1.0000     -1.000
   68.8297   -30.5741   231.0157   -41.3572     -1.000    -1.0000    -1.0000     -1.000
   68.8593   -30.6172   231.0784   -41.3402     -1.000    -1.0000    -1.0000     -1.000
   68.8888   -30.6602   231.1410   -41.3232     -1.000    -1.0000    -1.0000     -1.000
   68.9184   -30.7033   231.2035   -41.3061     -1.000    -1.0000    -1.0000     -1.000
   68.9480   -30.7463   231.2661   -41.2890     -1.000    -1.0000    -1.0000     -1.000
   68.9776   -30.7893   231.3286   -41.2719     -1.000    -1.0000    -1.0000     -1.000
   69.0073   -30.8324   231.3910   -41.2547     -1.000    -1.0000    -1.0000     -1.000
   69.0370   -30.8754   231.4535   -41.2375     -1.000    -1.0000    -1.0000     -1.000
   69.0667   -30.9184   231.5159   -41.2202     -1.000    -1.0000    -1.0000     -1.000
   69.0964   -30.9614   231.5783   -41.2030     -1.000    -1.0000    -1.0000     -1.000
   69.1262   -31.0044   231.6406   -41.1857     -1.000    -1.0000    -1.0000     -1.000
   69.1560   -31.0474   231.7029   -41.1683     -1.000    -1.0000    -1.0000     -1.000
   69.1858   -31.0904   231.7652   -41.1510     -1.000    -1.0000    -1.0000     -1.000
   69.2157   -31.1333   231.8274   -41.1336     -1.000    -1.0000    -1.0000     -1.000
   69.2456   -31.1763   231.8896   -41.1161     -1.000    -1.0000    -1.0000     -1.000
   69.2755   -31.2193   231.9518   -41.0986     -1.000    -1.0000    -1.0000     -1.000
   69.3054   -31.2622   232.0140   -41.0811     -1.000    -1.0000    -1.0000     -1.000
   69.3353   -31.3052   232.0761   -41.0636     -1.000    -1.0000    -1.0000     -1.000
   69.3653   -31.3481   232.1381   -41.0460     -1.000    -1.0000    -1.0000     -1.000
   69.3953   -31.3910   232.2002   -41.0284     -1.000    -1.0000    -1.0000     -1.000
   69.4254   -31.4340   232.2622   -41.0108     -1.000    -1.0000    -1.0000     -1.000
   69.4554   -31.4769   232.3242   -40.9931     -1.000    -1.0000    -1.0000     -1.000
   69.4855   -31.5198   232.3861   -40.9754     -1.000    -1.0000    -1.0000     -1.000
   69.5157   -31.5627   232.4480   -40.9577     -1.000    -1.0000    -1.0000     -1.000
   69.5458   -31.6056   232.5099   -40.9399     -1.000    -1.0000    -1.0000     -1.000
   69.5760   -31.6485   232.5718   -40.9221     -1.000    -1.0000    -1.0000     -1.000
   69.6062   -31.6914   232.6336   -40.9043     -1.000    -1.0000    -1.0000     -1.000
   69.6364   -31.7343   232.6953   -40.8864     -1.000    -1.0000    -1.0000     -1.000
   69.6667   -31.7771   232.7571   -40.8685     -1.000    -1.0000    -1.0000     -1.000
   69.6970   -31.8200   232.8188   -40.8506     -1.000    -1.0000    -1.0000     -1.000
   69.7273   -31.8629   232.8805   -40.8326     -1.000    -1.0000    -1.0000     -1.000
   69.7576   -31.9057   232.9421   -40.8146     -1.000    -1.0000    -1.0000     -1.000
   69.7880   -31.9485   233.0037   -40.7966     -1.000    -1.0000    -1.0000     -1.000
   69.8184   -31.9914   233.0653   -40.7785     -1.000    -1.0000    -1.0000     -1.000
   69.8489   -32.0342   233.1268   -40.7604     -1.000    -1.0000    -1.0000     -1.000
   69.8793   -32.0770   233.1884   -40.7423     -1.000    -1.0000    -1.0000     -1.000
   69.9098   -32.1198   233.2498   -40.7241     -1.000    -1.0000    -1.0000     -1.000
   69.9403   -32.1626   233.3113   -40.7059     -1.000    -1.0000    -1.0000     -1.000
   69.9709   -32.2054   233.3727   -40.6877     -1.000    -1.0000    -1.0000     -1.000
   70.0014   -32.2482   233.4341   -40.6694     -1.000    -1.0000    -1.0000     -1.000
   70.0320   -32.2910   233.4954   -40.6511     -1.000    -1.0000    -1.0000     -1.000
   70.0627   -32.3338   233.5567   -40.6328     -1.000    -1.0000    -1.0000     -1.000
   70.0933   -32.3766   233.6180   -40.6144     -1.000    -1.0000    -1.0000     -1.000
   70.1240   -32.4193   233.6792   -40.5960     -1.000    -1.0000    -1.0000     -1.000
   70.1547   -32.4621   233.7404   -40.5776     -1.000    -1.0000    -1.0000     -1.000
   70.1855   -32.5048   233.8016   -40.5591     -1.000    -1.0000    -1.0000     -1.000
   70.2163   -32.5476   233.8627   -40.5407     -1.000    -1.0000    -1.0000     -1.000
   70.2471   -32.5903   233.9238   -40.5221     -1.000    -1.0000    -1.0000     -1.000
   70.2779   -32.6330   233.9849   -40.5036     -1.000    -1.0000    -1.0000     -1.000
   70.3088   -32.6757   234.0460   -40.4850     -1.000    -1.0000    -1.0000     -1.000
   70.3397   -32.7184   234.1070   -40.4664     -1.000    -1.0000    -1.0000     -1.000
   70.3706   -32.7611   234.1679   -40.4477     -1.000    -1.0000    -1.0000     -1.000
   70.4015   -32.8038   234.2289   -40.4291     -1.000    -1.0000    -1.0000     -1.000
   70.4325   -32.8465   234.2898   -40.4103     -1.000    -1.0000    -1.0000     -1.000
   70.4635   -32.8892   234.3506   -40.3916     -1.000    -1.0000    -1.0000     -1.000
   70.4946   -32.9319   234.4115   -40.3728     -1.000    -1.0000    -1.0000     -1.000
   70.5257   -32.9745   234.4723   -40.3540     -1.000    -1.0000    -1.0000     -1.000
   70.5568   -33.0172   234.5330   -40.3352     -1.000    -1.0000    -1.0000     -1.000
   70.5879   -33.0598   234.5938   -40.3163     -1.000    -1.0000    -1.0000     -1.000
   70.6191   -33.1025   234.6545   -40.2974     -1.000    -1.0000    -1.0000     -1.000
   70.6503   -33.1451   234.7151   -40.2785     -1.000    -1.0000    -1.0000     -1.000
   70.6815   -33.1877   234.7758   -40.2595     -1.000    -1.0000    -1.0000     -1.000
   70.7127   -33.2304   234.8364   -40.2405     -1.000    -1.0000    -1.0000     -1.000
   70.7440   -33.2730   234.8969   -40.2215     -1.000    -1.0000    -1.0000     -1.000
   70.7753   -33.3156   234.9575   -40.2024     -1.000    -1.0000    -1.0000     -1.000
   70.8067   -33.3582   235.0179   -40.1833     -1.000    -1.0000    -1.0000     -1.000
   70.8381   -33.4007   235.0784   -40.1642     -1.000    -1.0000    -1.0000     -1.000
   70.8695   -33.4433   235.1388   -40.1450     -1.000    -1.0000    -1.0000     -1.000
   70.9009   -33.4859   235.1992   -40.1258     -1.000    -1.0000    -1.0000     -1.000
   70.9324   -33.5284   235.2596   -40.1066     -1.000    -1.0000    -1.0000     -1.000
   70.9639   -33.5710   235.3199   -40.0874     -1.000    -1.0000    -1.0000     -1.000
   70.9954   -33.6135   235.3802   -40.0681     -1.000    -1.0000    -1.0000     -1.000
   71.0270   -33.6561   235.4405   -40.0488     -1.000    -1.0000    -1.0000     -1.000
   71.0586   -33.6986   235.5007   -40.0294     -1.000    -1.0000    -1.0000     -1.000
   71.0902   -33.7411   235.5609   -40.0100     -1.000    -1.0000    -1.0000     -1.000
   71.1218   -33.7836   235.6210   -39.9906     -1.000    -1.0000    -1.0000     -1.000
   71.1535   -33.8262   235.6811   -39.9712     -1.000    -1.0000    -1.0000     -1.000
   71.1853   -33.8687   235.7412   -39.9517     -1.000    -1.0000    -1.0000     -1.000
   71.2170   -33.9111   235.8013   -39.9322     -1.000    -1.0000    -1.0000     -1.000
   71.2488   -33.9536   235.8613   -39.9127     -1.000    -1.0000    -1.0000     -1.000
   71.2806   -33.9961   235.9213   -39.8931     -1.000    -1.0000    -1.0000     -1.000
   71.3124   -34.0386   235.9812   -39.8735     -1.000    -1.0000    -1.0000     -1.000
   71.3443   -34.0810   236.0411   -39.8539     -1.000    -1.0000    -1.0000     -1.000
   71.3762   -34.1235   236.1010   -39.8343     -1.000    -1.0000    -1.0000     -1.000
   71.4082   -34.1659   236.1609   -39.8146     -1.000    -1.0000    -1.0000     -1.000
   71.4402   -34.2083   236.2207   -39.7949     -1.000    -1.0000    -1.0000     -1.000
   71.4722   -34.2508   236.2804   -39.7751     -1.000    -1.0000    -1.0000     -1.000
   71.5042   -34.2932   236.3402   -39.7553     -1.000    -1.0000    -1.0000     -1.000
   71.5363   -34.3356   236.3999   -39.7355     -1.000    -1.0000    -1.0000     -1.000
   71.5684   -34.3780   236.4596   -39.7157     -1.000    -1.0000    -1.0000     -1.000
   71.6005   -34.4204   236.5192   -39.6958     -1.000    -1.0000    -1.0000     -1.000
   71.6327   -34.4627   236.5788   -39.6759     -1.000    -1.0000    -1.0000     -1.000
   71.6649   -34.5051   236.6384   -39.6560     -1.000    -1.0000    -1.0000     -1.000
   71.6971   -34.5475   236.6979   -39.6360     -1.000    -1.0000    -1.0000     -1.000
   71.7294   -34.5898   236.7574   -39.6160     -1.000    -1.0000    -1.0000     -1.000
   71.7617   -34.6322   236.8169   -39.5960     -1.000    -1.0000    -1.0000     -1.000
   71.7940   -34.6745   236.8763   -39.5760     -1.000    -1.0000    -1.0000     -1.000
   71.8264   -34.7169   236.9357   -39.5559     -1.000    -1.0000    -1.0000     -1.000
   71.8588   -34.7592   236.9951   -39.5358     -1.000    -1.0000    -1.0000     -1.000
   71.8912   -34.8015   237.0544   -39.5156     -1.000    -1.0000    -1.0000     -1.000
   71.9237   -34.8438   237.1137   -39.4954     -1.000    -1.0000    -1.0000     -1.000
   71.9562   -34.8861   237.1730   -39.4752     -1.000    -1.0000    -1.0000     -1.000
   71.9887   -34.9284   237.2322   -39.4550     -1.000    -1.0000    -1.0000     -1.000
   72.0213   -34.9707   237.2914   -39.4348     -1.000    -1.0000    -1.0000     -1.000
   72.0539   -35.0129   237.3505   -39.4145     -1.000    -1.0000    -1.0000     -1.000
   72.0865   -35.0552   237.4097   -39.3941     -1.000    -1.0000    -1.0000     -1.000
   72.1192   -35.0974   237.4688   -39.3738     -1.000    -1.0000    -1.0000     -1.000
   72.1519   -35.1397   237.5278   -39.3534     -1.000    -1.0000    -1.0000     -1.000
   72.1846   -35.1819   237.5868   -39.3330     -1.000    -1.0000    -1.0000     -1.000
   72.2174   -35.2241   237.6458   -39.3125     -1.000    -1.0000    -1.0000     -1.000
   72.2502   -35.2664   237.7048   -39.2921     -1.000    -1.0000    -1.0000     -1.000
   72.2830   -35.3086   237.7637   -39.2716     -1.000    -1.0000    -1.0000     -1.000
   72.3159   -35.3508   237.8226   -39.2510     -1.000    -1.0000    -1.0000     -1.000
   72.3488   -35.3930   237.8814   -39.2305     -1.000    -1.0000    -1.0000     -1.000
   72.3817   -35.4351   237.9402   -39.2099     -1.000    -1.0000    -1.0000     -1.000
   72.4147   -35.4773   237.9990   -39.1893     -1.000    -1.0000    -1.0000     -1.000
   72.4477   -35.5195   238.0578   -39.1686     -1.000    -1.0000    -1.0000     -1.000
   72.4808   -35.5616   238.1165   -39.1479     -1.000    -1.0000    -1.0000     -1.000
   72.5139   -35.6038   238.1751   -39.1272     -1.000    -1.0000    -1.0000     -1.000
   72.5470   -35.6459   238.2338   -39.1065     -1.000    -1.0000    -1.0000     -1.000
   72.5801   -35.6880   238.2924   -39.0857     -1.000    -1.0000    -1.0000     -1.000
   72.6133   -35.7302   238.3510   -39.0649     -1.000    -1.0000    -1.0000     -1.000
   72.6465   -35.7723   238.4095   -39.0441     -1.000    -1.0000    -1.0000     -1.000
   72.6798   -35.8144   238.4680   -39.0233     -1.000    -1.0000    -1.0000     -1.000
   72.7131   -35.8565   238.5265   -39.0024     -1.000    -1.0000    -1.0000     -1.000
   72.7464   -35.8985   238.5849   -38.9815     -1.000    -1.0000    -1.0000     -1.000
   72.7798   -35.9406   238.6433   -38.9605     -1.000    -1.0000    -1.0000     -1.000
   72.8131   -35.9827   238.7017   -38.9395     -1.000    -1.0000    -1.0000     -1.000
   72.8466   -36.0247   238.7600   -38.9185     -1.000    -1.0000    -1.0000     -1.000
   72.8800   -36.0668   238.8183   -38.8975     -1.000    -1.0000    -1.0000     -1.000
   72.9136   -36.1088   238.8765   -38.8765     -1.000    -1.0000    -1.0000     -1.000
   72.9471   -36.1508   238.9348   -38.8554     -1.000    -1.0000    -1.0000     -1.000
   72.9807   -36.1929   238.9930   -38.8343     -1.000    -1.0000    -1.0000     -1.000
   73.0143   -36.2349   239.0511   -38.8131     -1.000    -1.0000    -1.0000     -1.000
   73.0479   -36.2769   239.1092   -38.7919     -1.000    -1.0000    -1.0000     -1.000
   73.0816   -36.3188   239.1673   -38.7707     -1.000    -1.0000    -1.0000     -1.000
   73.1153   -36.3608   239.2254   -38.7495     -1.000    -1.0000    -1.0000     -1.000
   73.1491   -36.4028   239.2834   -38.7282     -1.000    -1.0000    -1.0000     -1.000
   73.1829   -36.4448   239.3414   -38.7069     -1.000    -1.0000    -1.0000     -1.000
   73.2167   -36.4867   239.3993   -38.6856     -1.000    -1.0000    -1.0000     -1.000
   73.2506   -36.5286   239.4572   -38.6643     -1.000    -1.0000    -1.0000     -1.000
   73.2845   -36.5706   239.5151   -38.6429     -1.000    -1.0000    -1.0000     -1.000
   73.3184   -36.6125   239.5730   -38.6215     -1.000    -1.0000    -1.0000     -1.000
   73.3524   -36.6544   239.6308   -38.6001     -1.000    -1.0000    -1.0000     -1.000
   73.3864   -36.6963   239.6886   -38.5786     -1.000    -1.0000    -1.0000     -1.000
   73.4205   -36.7382   239.7463   -38.5571     -1.000    -1.0000    -1.0000     -1.000
   73.4545   -36.7801   239.8040   -38.5356     -1.000    -1.0000    -1.0000     -1.000
   73.4887   -36.8220   239.8617   -38.5141     -1.000    -1.0000    -1.0000     -1.000
   73.5228   -36.8638   239.9193   -38.4925     -1.000    -1.0000    -1.0000     -1.000
   73.5570   -36.9057   239.9769   -38.4709     -1.000    -1.0000    -1.0000     -1.000
   73.5913   -36.9475   240.0345   -38.4493     -1.000    -1.0000    -1.0000     -1.000
   73.6255   -36.9894   240.0920   -38.4276     -1.000    -1.0000    -1.0000     -1.000
   73.6599   -37.0312   240.1495   -38.4059     -1.000    -1.0000    -1.0000     -1.000
   73.6942   -37.0730   240.2070   -38.3842     -1.000    -1.0000    -1.0000     -1.000
   73.7286   -37.1148   240.2644   -38.3625     -1.000    -1.0000    -1.0000     -1.000
   73.7630   -37.1566   240.3218   -38.3407     -1.000    -1.0000    -1.0000     -1.000
   73.7975   -37.1984   240.3792   -38.3189     -1.000    -1.0000    -1.0000     -1.000
   73.8320   -37.2402   240.4365   -38.2971     -1.000    -1.0000    -1.0000     -1.000
   73.8665   -37.2819   240.4938   -38.2752     -1.000    -1.0000    -1.0000     -1.000
   73.9011   -37.3237   240.5511   -38.2533     -1.000    -1.0000    -1.0000     -1.000
   73.9357   -37.3654   240.6083   -38.2314     -1.000    -1.0000    -1.0000     -1.000
   73.9704   -37.4072   240.6655   -38.2095     -1.000    -1.0000    -1.0000     -1.000
   74.0051   -37.4489   240.7226   -38.1875     -1.000    -1.0000    -1.0000     -1.000
   74.0398   -37.4906   240.7798   -38.1655     -1.000    -1.0000    -1.0000     -1.000
   74.0746   -37.5323   240.8368   -38.1435     -1.000    -1.0000    -1.0000     -1.000
   74.1094   -37.5740   240.8939   -38.1215     -1.000    -1.0000    -1.0000     -1.000
   74.1442   -37.6157   240.9509   -38.0994     -1.000    -1.0000    -1.0000     -1.000
   74.1791   -37.6573   241.0079   -38.0773     -1.000    -1.0000    -1.0000     -1.000
   74.2141   -37.6990   241.0648   -38.0552     -1.000    -1.0000    -1.0000     -1.000
   74.2490   -37.7407   241.1218   -38.0330     -1.000    -1.0000    -1.0000     -1.000
   74.2840   -37.7823   241.1786   -38.0108     -1.000    -1.0000    -1.0000     -1.000
   74.3191   -37.8239   241.2355   -37.9886     -1.000    -1.0000    -1.0000     -1.000
   74.3542   -37.8656   241.2923   -37.9664     -1.000    -1.0000    -1.0000     -1.000
   74.3893   -37.9072   241.3491   -37.9441     -1.000    -1.0000    -1.0000     -1.000
   74.4245   -37.9488   241.4058   -37.9218     -1.000    -1.0000    -1.0000     -1.000
   74.4597   -37.9904   241.4625   -37.8995     -1.000    -1.0000    -1.0000     -1.000
   74.4949   -38.0319   241.5192   -37.8771     -1.000    -1.0000    -1.0000     -1.000
   74.5302   -38.0735   241.5758   -37.8547     -1.000    -1.0000    -1.0000     -1.000
   74.5655   -38.1151   241.6324   -37.8323     -1.000    -1.0000    -1.0000     -1.000
   74.6009   -38.1566   241.6890   -37.8099     -1.000    -1.0000    -1.0000     -1.000
   74.6363   -38.1981   241.7455   -37.7875     -1.000    -1.0000    -1.0000     -1.000
   74.6717   -38.2397   241.8021   -37.7650     -1.000    -1.0000    -1.0000     -1.000
   74.7072   -38.2812   241.8585   -37.7425     -1.000    -1.0000    -1.0000     -1.000
   74.7427   -38.3227   241.9150   -37.7199     -1.000    -1.0000    -1.0000     -1.000
   74.7783   -38.3642   241.9713   -37.6974     -1.000    -1.0000    -1.0000     -1.000
   74.8139   -38.4057   242.0277   -37.6748     -1.000    -1.0000    -1.0000     -1.000
   74.8496   -38.4471   242.0840   -37.6521     -1.000    -1.0000    -1.0000     -1.000
   74.8853   -38.4886   242.1403   -37.6295     -1.000    -1.0000    -1.0000     -1.000
   74.9210   -38.5301   242.1966   -37.6068     -1.000    -1.0000    -1.0000     -1.000
   74.9568   -38.5715   242.2528   -37.5841     -1.000    -1.0000    -1.0000     -1.000
   74.9926   -38.6129   242.3090   -37.5614     -1.000    -1.0000    -1.0000     -1.000
   75.0284   -38.6543   242.3652   -37.5387     -1.000    -1.0000    -1.0000     -1.000
   75.0643   -38.6958   242.4213   -37.5159     -1.000    -1.0000    -1.0000     -1.000
   75.1003   -38.7372   242.4774   -37.4931     -1.000    -1.0000    -1.0000     -1.000
   75.1363   -38.7785   242.5334   -37.4702     -1.000    -1.0000    -1.0000     -1.000
   75.1723   -38.8199   242.5895   -37.4474     -1.000    -1.0000    -1.0000     -1.000
   75.2083   -38.8613   242.6455   -37.4245     -1.000    -1.0000    -1.0000     -1.000
   75.2445   -38.9026   242.7014   -37.4016     -1.000    -1.0000    -1.0000     -1.000
   75.2806   -38.9440   242.7573   -37.3786     -1.000    -1.0000    -1.0000     -1.000
   75.3168   -38.9853   242.8132   -37.3557     -1.000    -1.0000    -1.0000     -1.000
   75.3530   -39.0266   242.8691   -37.3327     -1.000    -1.0000    -1.0000     -1.000
   75.3893   -39.0679   242.9249   -37.3097     -1.000    -1.0000    -1.0000     -1.000
   75.4256   -39.1092   242.9807   -37.2866     -1.000    -1.0000    -1.0000     -1.000
   75.4620   -39.1505   243.0364   -37.2636     -1.000    -1.0000    -1.0000     -1.000
   75.4984   -39.1918   243.0921   -37.2405     -1.000    -1.0000    -1.0000     -1.000
   75.5348   -39.2330   243.1478   -37.2173     -1.000    -1.0000    -1.0000     -1.000
   75.5713   -39.2743   243.2034   -37.1942     -1.000    -1.0000    -1.0000     -1.000
   75.6078   -39.3155   243.2591   -37.1710     -1.000    -1.0000    -1.0000     -1.000
   75.6444   -39.3568   243.3146   -37.1478     -1.000    -1.0000    -1.0000     -1.000
   75.6810   -39.3980   243.3702   -37.1246     -1.000    -1.0000    -1.0000     -1.000
   75.7177   -39.4392   243.4257   -37.1014     -1.000    -1.0000    -1.0000     -1.000
   75.7544   -39.4804   243.4812   -37.0781     -1.000    -1.0000    -1.0000     -1.000
   75.7911   -39.5216   243.5366   -37.0548     -1.000    -1.0000    -1.0000     -1.000
   75.8279   -39.5627   243.5920   -37.0314     -1.000    -1.0000    -1.0000     -1.000
   75.8648   -39.6039   243.6474   -37.0081     -1.000    -1.0000    -1.0000     -1.000
   75.9017   -39.6450   243.7027   -36.9847     -1.000    -1.0000    -1.0000     -1.000
   75.9386   -39.6862   243.7580   -36.9613     -1.000    -1.0000    -1.0000     -1.000
   75.9755   -39.7273   243.8133   -36.9379     -1.000    -1.0000    -1.0000     -1.000
   76.0126   -39.7684   243.8685   -36.9144     -1.000    -1.0000    -1.0000     -1.000
   76.0496   -39.8095   243.9237   -36.8909     -1.000    -1.0000    -1.0000     -1.000
   76.0867   -39.8506   243.9789   -36.8674     -1.000    -1.0000    -1.0000     -1.000
   76.1239   -39.8917   244.0340   -36.8439     -1.000    -1.0000    -1.0000     -1.000
   76.1610   -39.9327   244.0891   -36.8203     -1.000    -1.0000    -1.0000     -1.000
   76.1983   -39.9738   244.1442   -36.7968     -1.000    -1.0000    -1.0000     -1.000
   76.2356   -40.0148   244.1992   -36.7731     -1.000    -1.0000    -1.0000     -1.000
   76.2729   -40.0559   244.2542   -36.7495     -1.000    -1.0000    -1.0000     -1.000
   76.3102   -40.0969   244.3092   -36.7258     -1.000    -1.0000    -1.0000     -1.000
   76.3477   -40.1379   244.3641   -36.7022     -1.000    -1.0000    -1.0000     -1.000
   76.3851   -40.1789   244.4190   -36.6785     -1.000    -1.0000    -1.0000     -1.000
   76.4226   -40.2199   244.4739   -36.6547     -1.000    -1.0000    -1.0000     -1.000
   76.4602   -40.2608   244.5287   -36.6310     -1.000    -1.0000    -1.0000     -1.000
   76.4978   -40.3018   244.5835   -36.6072     -1.000    -1.0000    -1.0000     -1.000
   76.5354   -40.3427   244.6383   -36.5834     -1.000    -1.0000    -1.0000     -1.000
   76.5731   -40.3837   244.6930   -36.5595     -1.000    -1.0000    -1.0000     -1.000
   76.6108   -40.4246   244.7477   -36.5357     -1.000    -1.0000    -1.0000     -1.000
   76.6486   -40.4655   244.8023   -36.5118     -1.000    -1.0000    -1.0000     -1.000
   76.6864   -40.5064   244.8570   -36.4879     -1.000    -1.0000    -1.0000     -1.000
   76.7243   -40.5473   244.9116   -36.4639     -1.000    -1.0000    -1.0000     -1.000
   76.7622   -40.5881   244.9661   -36.4400     -1.000    -1.0000    -1.0000     -1.000
   76.8002   -40.6290   245.0207   -36.4160     -1.000    -1.0000    -1.0000     -1.000
   76.8382   -40.6698   245.0751   -36.3920     -1.000    -1.0000    -1.0000     -1.000
   76.8762   -40.7107   245.1296   -36.3679     -1.000    -1.0000    -1.0000     -1.000
   76.9143   -40.7515   245.1840   -36.3439     -1.000    -1.0000    -1.0000     -1.000
   76.9525   -40.7923   245.2384   -36.3198     -1.000    -1.0000    -1.0000     -1.000
   76.9907   -40.8331   245.2928   -36.2957     -1.000    -1.0000    -1.0000     -1.000
   77.0289   -40.8739   245.3471   -36.2716     -1.000    -1.0000    -1.0000     -1.000
   77.0672   -40.9147   245.4014   -36.2474     -1.000    -1.0000    -1.0000     -1.000
   77.1055   -40.9554   245.4556   -36.2232     -1.000    -1.0000    -1.0000     -1.000
   77.1439   -40.9962   245.5099   -36.1990     -1.000    -1.0000    -1.0000     -1.000
   77.1824   -41.0369   245.5641   -36.1748     -1.000    -1.0000    -1.0000     -1.000
   77.2208   -41.0776   245.6182   -36.1505     -1.000    -1.0000    -1.0000     -1.000
   77.2594   -41.1183   245.6723   -36.1262     -1.000    -1.0000    -1.0000     -1.000
   77.2979   -41.1590   245.7264   -36.1019     -1.000    -1.0000    -1.0000     -1.000
   77.3366   -41.1997   245.7805   -36.0776     -1.000    -1.0000    -1.0000     -1.000
   77.3752   -41.2404   245.8345   -36.0533     -1.000    -1.0000    -1.0000     -1.000
   77.4140   -41.2810   245.8885   -36.0289     -1.000    -1.0000    -1.0000     -1.000
   77.4527   -41.3217   245.9424   -36.0045     -1.000    -1.0000    -1.0000     -1.000
   77.4915   -41.3623   245.9964   -35.9800     -1.000    -1.0000    -1.0000     -1.000
   77.5304   -41.4029   246.0503   -35.9556     -1.000    -1.0000    -1.0000     -1.000
   77.5693   -41.4435   246.1041   -35.9311     -1.000    -1.0000    -1.0000     -1.000
   77.6083   -41.4841   246.1579   -35.9066     -1.000    -1.0000    -1.0000     -1.000
   77.6473   -41.5247   246.2117   -35.8821     -1.000    -1.0000    -1.0000     -1.000
   77.6863   -41.5652   246.2655   -35.8576     -1.000    -1.0000    -1.0000     -1.000
   77.7255   -41.6058   246.3192   -35.8330     -1.000    -1.0000    -1.0000     -1.000
   77.7646   -41.6463   246.3729   -35.8084     -1.000    -1.0000    -1.0000     -1.000
   77.8038   -41.6869   246.4265   -35.7838     -1.000    -1.0000    -1.0000     -1.000
   77.8431   -41.7274   246.4802   -35.7591     -1.000    -1.0000    -1.0000     -1.000
   77.8824   -41.7679   246.5338   -35.7345     -1.000    -1.0000    -1.0000     -1.000
   77.9217   -41.8083   246.5873   -35.7098     -1.000    -1.0000    -1.0000     -1.000
   77.9611   -41.8488   246.6408   -35.6851     -1.000    -1.0000    -1.0000     -1.000
   78.0006   -41.8893   246.6943   -35.6603     -1.000    -1.0000    -1.0000     -1.000
   78.0401   -41.9297   246.7478   -35.6356     -1.000    -1.0000    -1.0000     -1.000
   78.0797   -41.9701   246.8012   -35.6108     -1.000    -1.0000    -1.0000     -1.000
   78.1193   -42.0106   246.8546   -35.5860     -1.000    -1.0000    -1.0000     -1.000
   78.1589   -42.0510   246.9079   -35.5612     -1.000    -1.0000    -1.0000     -1.000
   78.1986   -42.0914   246.9613   -35.5363     -1.000    -1.0000    -1.0000     -1.000
   78.2384   -42.1317   247.0146   -35.5114     -1.000    -1.0000    -1.0000     -1.000
   78.2782   -42.1721   247.0678   -35.4865     -1.000    -1.0000    -1.0000     -1.000
   78.3181   -42.2124   247.1210   -35.4616     -1.000    -1.0000    -1.0000     -1.000
   78.3580   -42.2528   247.1742   -35.4366     -1.000    -1.0000    -1.0000     -1.000
   78.3979   -42.2931   247.2274   -35.4117     -1.000    -1.0000    -1.0000     -1.000
   78.4379   -42.3334   247.2805   -35.3867     -1.000    -1.0000    -1.0000     -1.000
   78.4780   -42.3737   247.3336   -35.3617     -1.000    -1.0000    -1.0000     -1.000
   78.5181   -42.4140   247.3867   -35.3366     -1.000    -1.0000    -1.0000     -1.000
   78.5583   -42.4542   247.4397   -35.3116     -1.000    -1.0000    -1.0000     -1.000
   78.5985   -42.4945   247.4927   -35.2865     -1.000    -1.0000    -1.0000     -1.000
   78.6388   -42.5347   247.5456   -35.2614     -1.000    -1.0000    -1.0000     -1.000
   78.6791   -42.5749   247.5986   -35.2362     -1.000    -1.0000    -1.0000     -1.000
   78.7195   -42.6151   247.6515   -35.2111     -1.000    -1.0000    -1.0000     -1.000
   78.7599   -42.6553   247.7043   -35.1859     -1.000    -1.0000    -1.0000     -1.000
   78.8004   -42.6955   247.7572   -35.1607     -1.000    -1.0000    -1.0000     -1.000
   78.8409   -42.7357   247.8100   -35.1355     -1.000    -1.0000    -1.0000     -1.000
   78.8815   -42.7758   247.8627   -35.1102     -1.000    -1.0000    -1.0000     -1.000
   78.9221   -42.8160   247.9155   -35.0849     -1.000    -1.0000    -1.0000     -1.000
   78.9628   -42.8561   247.9682   -35.0597     -1.000    -1.0000    -1.0000     -1.000
   79.0035   -42.8962   248.0208   -35.0343     -1.000    -1.0000    -1.0000     -1.000
   79.0443   -42.9363   248.0735   -35.0090     -1.000    -1.0000    -1.0000     -1.000
   79.0852   -42.9764   248.1261   -34.9836     -1.000    -1.0000    -1.0000     -1.000
   79.1261   -43.0164   248.1786   -34.9583     -1.000    -1.0000    -1.0000     -1.000
   79.1670   -43.0565   248.2312   -34.9328     -1.000    -1.0000    -1.0000     -1.000
   79.2080   -43.0965   248.2837   -34.9074     -1.000    -1.0000    -1.0000     -1.000
   79.2491   -43.1365   248.3361   -34.8820     -1.000    -1.0000    -1.0000     -1.000
   79.2902   -43.1766   248.3886   -34.8565     -1.000    -1.0000    -1.0000     -1.000
   79.3314   -43.2165   248.4410   -34.8310     -1.000    -1.0000    -1.0000     -1.000
   79.3726   -43.2565   248.4934   -34.8055     -1.000    -1.0000    -1.0000     -1.000
   79.4139   -43.2965   248.5457   -34.7799     -1.000    -1.0000    -1.0000     -1.000
   79.4552   -43.3364   248.5980   -34.7544     -1.000    -1.0000    -1.0000     -1.000
   79.4966   -43.3764   248.6503   -34.7288     -1.000    -1.0000    -1.0000     -1.000
   79.5380   -43.4163   248.7025   -34.7032     -1.000    -1.0000    -1.0000     -1.000
   79.5795   -43.4562   248.7547   -34.6775     -1.000    -1.0000    -1.0000     -1.000
   79.6211   -43.4961   248.8069   -34.6519     -1.000    -1.0000    -1.0000     -1.000
   79.6627   -43.5359   248.8591   -34.6262     -1.000    -1.0000    -1.0000     -1.000
   79.7043   -43.5758   248.9112   -34.6005     -1.000    -1.0000    -1.0000     -1.000
   79.7461   -43.6156   248.9633   -34.5748     -1.000    -1.0000    -1.0000     -1.000
   79.7878   -43.6555   249.0153   -34.5490     -1.000    -1.0000    -1.0000     -1.000
   79.8297   -43.6953   249.0673   -34.5233     -1.000    -1.0000    -1.0000     -1.000
   79.8715   -43.7351   249.1193   -34.4975     -1.000    -1.0000    -1.0000     -1.000
   79.9135   -43.7748   249.1713   -34.4717     -1.000    -1.0000    -1.0000     -1.000
   79.9555   -43.8146   249.2232   -34.4459     -1.000    -1.0000    -1.0000     -1.000
   79.9975   -43.8544   249.2751   -34.4200     -1.000    -1.0000    -1.0000     -1.000
   80.0396   -43.8941   249.3269   -34.3941     -1.000    -1.0000    -1.0000     -1.000
   80.0818   -43.9338   249.3788   -34.3682     -1.000    -1.0000    -1.0000     -1.000
   80.1240   -43.9735   249.4306   -34.3423     -1.000    -1.0000    -1.0000     -1.000
   80.1663   -44.0132   249.4823   -34.3164     -1.000    -1.0000    -1.0000     -1.000
   80.2086   -44.0529   249.5340   -34.2904     -1.000    -1.0000    -1.0000     -1.000
   80.2510   -44.0925   249.5857   -34.2644     -1.000    -1.0000    -1.0000     -1.000
   80.2934   -44.1322   249.6374   -34.2384     -1.000    -1.0000    -1.0000     -1.000
   80.3359   -44.1718   249.6890   -34.2124     -1.000    -1.0000    -1.0000     -1.000
   80.3785   -44.2114   249.7406   -34.1863     -1.000    -1.0000    -1.0000     -1.000
   80.4211   -44.2510   249.7922   -34.1603     -1.000    -1.0000    -1.0000     -1.000
   80.4638   -44.2906   249.8437   -34.1342     -1.000    -1.0000    -1.0000     -1.000
   80.5065   -44.3301   249.8953   -34.1081     -1.000    -1.0000    -1.0000     -1.000
   80.5493   -44.3697   249.9467   -34.0819     -1.000    -1.0000    -1.0000     -1.000
   80.5921   -44.4092   249.9982   -34.0558     -1.000    -1.0000    -1.0000     -1.000
   80.6350   -44.4487   250.0496   -34.0296     -1.000    -1.0000    -1.0000     -1.000
   80.6780   -44.4882   250.1010   -34.0034     -1.000    -1.0000    -1.0000     -1.000
   80.7210   -44.5277   250.1523   -33.9772     -1.000    -1.0000    -1.0000     -1.000
   80.7641   -44.5672   250.2036   -33.9509     -1.000    -1.0000    -1.0000     -1.000
   80.8072   -44.6066   250.2549   -33.9247     -1.000    -1.0000    -1.0000     -1.000
   80.8504   -44.6460   250.3062   -33.8984     -1.000    -1.0000    -1.0000     -1.000
   80.8937   -44.6855   250.3574   -33.8721     -1.000    -1.0000    -1.0000     -1.000
   80.9370   -44.7249   250.4086   -33.8458     -1.000    -1.0000    -1.0000     -1.000
   80.9804   -44.7642   250.4597   -33.8194     -1.000    -1.0000    -1.0000     -1.000
   81.0238   -44.8036   250.5109   -33.7931     -1.000    -1.0000    -1.0000     -1.000
   81.0673   -44.8430   250.5619   -33.7667     -1.000    -1.0000    -1.0000     -1.000
   81.1108   -44.8823   250.6130   -33.7403     -1.000    -1.0000    -1.0000     -1.000
   81.1545   -44.9216   250.6640   -33.7138     -1.000    -1.0000    -1.0000     -1.000
   81.1981   -44.9609   250.7150   -33.6874     -1.000    -1.0000    -1.0000     -1.000
   81.2419   -45.0002   250.7660   -33.6609     -1.000    -1.0000    -1.0000     -1.000
   81.2856   -45.0395   250.8169   -33.6344     -1.000    -1.0000    -1.0000     -1.000
   81.3295   -45.0787   250.8679   -33.6079     -1.000    -1.0000    -1.0000     -1.000
   81.3734   -45.1179   250.9187   -33.5813     -1.000    -1.0000    -1.0000     -1.000
   81.4174   -45.1572   250.9696   -33.5548     -1.000    -1.0000    -1.0000     -1.000
   81.4614   -45.1964   251.0204   -33.5282     -1.000    -1.0000    -1.0000     -1.000
   81.5055   -45.2355   251.0712   -33.5016     -1.000    -1.0000    -1.0000     -1.000
   81.5496   -45.2747   251.1219   -33.4750     -1.000    -1.0000    -1.0000     -1.000
   81.5939   -45.3139   251.1726   -33.4484     -1.000    -1.0000    -1.0000     -1.000
   81.6381   -45.3530   251.2233   -33.4217     -1.000    -1.0000    -1.0000     -1.000
   81.6825   -45.3921   251.2740   -33.3950     -1.000    -1.0000    -1.0000     -1.000
   81.7269   -45.4312   251.3246   -33.3683     -1.000    -1.0000    -1.0000     -1.000
   81.7713   -45.4703   251.3752   -33.3416     -1.000    -1.0000    -1.0000     -1.000
   81.8158   -45.5094   251.4258   -33.3148     -1.000    -1.0000    -1.0000     -1.000
   81.8604   -45.5484   251.4763   -33.2881     -1.000    -1.0000    -1.0000     -1.000
   81.9051   -45.5874   251.5268   -33.2613     -1.000    -1.0000    -1.0000     -1.000
   81.9498   -45.6264   251.5773   -33.2345     -1.000    -1.0000    -1.0000     -1.000
   81.9945   -45.6654   251.6277   -33.2077     -1.000    -1.0000    -1.0000     -1.000
   82.0394   -45.7044   251.6781   -33.1808     -1.000    -1.0000    -1.0000     -1.000
   82.0843   -45.7434   251.7285   -33.1540     -1.000    -1.0000    -1.0000     -1.000
   82.1292   -45.7823   251.7788   -33.1271     -1.000    -1.0000    -1.0000     -1.000
   82.1742   -45.8212   251.8291   -33.1002     -1.000    -1.0000    -1.0000     -1.000
   82.2193   -45.8601   251.8794   -33.0732     -1.000    -1.0000    -1.0000     -1.000
   82.2645   -45.8990   251.9297   -33.0463     -1.000    -1.0000    -1.0000     -1.000
   82.3097   -45.9379   251.9799   -33.0193     -1.000    -1.0000    -1.0000     -1.000
   82.3549   -45.9767   252.0301   -32.9923     -1.000    -1.0000    -1.0000     -1.000
   82.4003   -46.0156   252.0803   -32.9653     -1.000    -1.0000    -1.0000     -1.000
   82.4457   -46.0544   252.1304   -32.9383     -1.000    -1.0000    -1.0000     -1.000
   82.4911   -46.0932   252.1805   -32.9113     -1.000    -1.0000    -1.0000     -1.000
   82.5367   -46.1320   252.2306   -32.8842     -1.000    -1.0000    -1.0000     -1.000
   82.5822   -46.1707   252.2806   -32.8571     -1.000    -1.0000    -1.0000     -1.000
   82.6279   -46.2095   252.3306   -32.8300     -1.000    -1.0000    -1.0000     -1.000
   82.6736   -46.2482   252.3806   -32.8029     -1.000    -1.0000    -1.0000     -1.000
   82.7194   -46.2869   252.4305   -32.7757     -1.000    -1.0000    -1.0000     -1.000
   82.7653   -46.3256   252.4805   -32.7486     -1.000    -1.0000    -1.0000     -1.000
   82.8112   -46.3643   252.5303   -32.7214     -1.000    -1.0000    -1.0000     -1.000
   82.8571   -46.4029   252.5802   -32.6942     -1.000    -1.0000    -1.0000     -1.000
   82.9032   -46.4416   252.6300   -32.6670     -1.000    -1.0000    -1.0000     -1.000
   82.9493   -46.4802   252.6798   -32.6397     -1.000    -1.0000    -1.0000     -1.000
   82.9955   -46.5188   252.7296   -32.6124     -1.000    -1.0000    -1.0000     -1.000
   83.0417   -46.5574   252.7793   -32.5852     -1.000    -1.0000    -1.0000     -1.000
   83.0880   -46.5959   252.8290   -32.5579     -1.000    -1.0000    -1.0000     -1.000
   83.1344   -46.6345   252.8787   -32.5305     -1.000    -1.0000    -1.0000     -1.000
   83.1808   -46.6730   252.9283   -32.5032     -1.000    -1.0000    -1.0000     -1.000
   83.2273   -46.7115   252.9780   -32.4758     -1.000    -1.0000    -1.0000     -1.000
   83.2739   -46.7500   253.0275   -32.4485     -1.000    -1.0000    -1.0000     -1.000
   83.3205   -46.7884   253.0771   -32.4211     -1.000    -1.0000    -1.0000     -1.000
   83.3672   -46.8269   253.1266   -32.3936     -1.000    -1.0000    -1.0000     -1.000
   83.4140   -46.8653   253.1761   -32.3662     -1.000    -1.0000    -1.0000     -1.000
   83.4609   -46.9037   253.2256   -32.3387     -1.000    -1.0000    -1.0000     -1.000
   83.5078   -46.9421   253.2750   -32.3113     -1.000    -1.0000    -1.0000     -1.000
   83.5547   -46.9805   253.3244   -32.2838     -1.000    -1.0000    -1.0000     -1.000
   83.6018   -47.0188   253.3738   -32.2562     -1.000    -1.0000    -1.0000     -1.000
   83.6489   -47.0572   253.4231   -32.2287     -1.000    -1.0000    -1.0000     -1.000
   83.6960   -47.0955   253.4724   -32.2012     -1.000    -1.0000    -1.0000     -1.000
   83.7433   -47.1338   253.5217   -32.1736     -1.000    -1.0000    -1.0000     -1.000
   83.7906   -47.1720   253.5710   -32.1460     -1.000    -1.0000    -1.0000     -1.000
   83.8380   -47.2103   253.6202   -32.1184     -1.000    -1.0000    -1.0000     -1.000
   83.8854   -47.2485   253.6694   -32.0907     -1.000    -1.0000    -1.0000     -1.000
   83.9329   -47.2867   253.7186   -32.0631     -1.000    -1.0000    -1.0000     -1.000
   83.9805   -47.3249   253.7677   -32.0354     -1.000    -1.0000    -1.0000     -1.000
   84.0282   -47.3631   253.8168   -32.0077     -1.000    -1.0000    -1.0000     -1.000
   84.0759   -47.4013   253.8659   -31.9800     -1.000    -1.0000    -1.0000     -1.000
   84.1237   -47.4394   253.9149   -31.9523     -1.000    -1.0000    -1.0000     -1.000
   84.1716   -47.4775   253.9639   -31.9246     -1.000    -1.0000    -1.0000     -1.000
   84.2195   -47.5156   254.0129   -31.8968     -1.000    -1.0000    -1.0000     -1.000
   84.2675   -47.5537   254.0619   -31.8690     -1.000    -1.0000    -1.0000     -1.000
   84.3156   -47.5918   254.1108   -31.8412     -1.000    -1.0000    -1.0000     -1.000
   84.3637   -47.6298   254.1597   -31.8134     -1.000    -1.0000    -1.0000     -1.000
   84.4119   -47.6678   254.2086   -31.7856     -1.000    -1.0000    -1.0000     -1.000
   84.4602   -47.7058   254.2574   -31.7577     -1.000    -1.0000    -1.0000     -1.000
   84.5085   -47.7438   254.3062   -31.7298     -1.000    -1.0000    -1.0000     -1.000
   84.5570   -47.7817   254.3550   -31.7019     -1.000    -1.0000    -1.0000     -1.000
   84.6054   -47.8197   254.4038   -31.6740     -1.000    -1.0000    -1.0000     -1.000
   84.6540   -47.8576   254.4525   -31.6461     -1.000    -1.0000    -1.0000     -1.000
   84.7026   -47.8955   254.5012   -31.6181     -1.000    -1.0000    -1.0000     -1.000
   84.7513   -47.9333   254.5498   -31.5902     -1.000    -1.0000    -1.0000     -1.000
   84.8001   -47.9712   254.5985   -31.5622     -1.000    -1.0000    -1.0000     -1.000
   84.8490   -48.0090   254.6471   -31.5342     -1.000    -1.0000    -1.0000     -1.000
   84.8979   -48.0468   254.6957   -31.5061     -1.000    -1.0000    -1.0000     -1.000
   84.9469   -48.0846   254.7442   -31.4781     -1.000    -1.0000    -1.0000     -1.000
   84.9959   -48.1224   254.7927   -31.4500     -1.000    -1.0000    -1.0000     -1.000
   85.0451   -48.1601   254.8412   -31.4220     -1.000    -1.0000    -1.0000     -1.000
   85.0943   -48.1979   254.8897   -31.3939     -1.000    -1.0000    -1.0000     -1.000
   85.1436   -48.2356   254.9381   -31.3658     -1.000    -1.0000    -1.0000     -1.000
   85.1929   -48.2733   254.9865   -31.3376     -1.000    -1.0000    -1.0000     -1.000
   85.2424   -48.3109   255.0349   -31.3095     -1.000    -1.0000    -1.0000     -1.000
   85.2918   -48.3486   255.0832   -31.2813     -1.000    -1.0000    -1.0000     -1.000
   85.3414   -48.3862   255.1315   -31.2531     -1.000    -1.0000    -1.0000     -1.000
   85.3911   -48.4238   255.1798   -31.2249     -1.000    -1.0000    -1.0000     -1.000
   85.4408   -48.4614   255.2281   -31.1967     -1.000    -1.0000    -1.0000     -1.000
   85.4906   -48.4989   255.2763   -31.1684     -1.000    -1.0000    -1.0000     -1.000
   85.5404   -48.5365   255.3245   -31.1402     -1.000    -1.0000    -1.0000     -1.000
   85.5904   -48.5740   255.3727   -31.1119     -1.000    -1.0000    -1.0000     -1.000
   85.6404   -48.6115   255.4208   -31.0836     -1.000    -1.0000    -1.0000     -1.000
   85.6905   -48.6489   255.4689   -31.0553     -1.000    -1.0000    -1.0000     -1.000
   85.7407   -48.6864   255.5170   -31.0270     -1.000    -1.0000    -1.0000     -1.000
   85.7909   -48.7238   255.5651   -30.9986     -1.000    -1.0000    -1.0000     -1.000
   85.8412   -48.7612   255.6131   -30.9702     -1.000    -1.0000    -1.0000     -1.000
   85.8916   -48.7986   255.6611   -30.9419     -1.000    -1.0000    -1.0000     -1.000
   85.9421   -48.8360   255.7091   -30.9135     -1.000    -1.0000    -1.0000     -1.000
   85.9926   -48.8733   255.7570   -30.8850     -1.000    -1.0000    -1.0000     -1.000
   86.0432   -48.9106   255.8049   -30.8566     -1.000    -1.0000    -1.0000     -1.000
   86.0939   -48.9479   255.8528   -30.8281     -1.000    -1.0000    -1.0000     -1.000
   86.1447   -48.9852   255.9007   -30.7997     -1.000    -1.0000    -1.0000     -1.000
   86.1955   -49.0225   255.9485   -30.7712     -1.000    -1.0000    -1.0000     -1.000
   86.2464   -49.0597   255.9963   -30.7427     -1.000    -1.0000    -1.0000     -1.000
   86.2974   -49.0969   256.0441   -30.7142     -1.000    -1.0000    -1.0000     -1.000
   86.3485   -49.1341   256.0918   -30.6856     -1.000    -1.0000    -1.0000     -1.000
   86.3996   -49.1712   256.1395   -30.6571     -1.000    -1.0000    -1.0000     -1.000
   86.4509   -49.2084   256.1872   -30.6285     -1.000    -1.0000    -1.0000     -1.000
   86.5022   -49.2455   256.2349   -30.5999     -1.000    -1.0000    -1.0000     -1.000
   86.5535   -49.2826   256.2825   -30.5713     -1.000    -1.0000    -1.0000     -1.000
   86.6050   -49.3197   256.3301   -30.5426     -1.000    -1.0000    -1.0000     -1.000
   86.6565   -49.3567   256.3777   -30.5140     -1.000    -1.0000    -1.0000     -1.000
   86.7081   -49.3937   256.4252   -30.4853     -1.000    -1.0000    -1.0000     -1.000
   86.7598   -49.4307   256.4727   -30.4566     -1.000    -1.0000    -1.0000     -1.000
   86.8116   -49.4677   256.5202   -30.4279     -1.000    -1.0000    -1.0000     -1.000
   86.8634   -49.5047   256.5677   -30.3992     -1.000    -1.0000    -1.0000     -1.000
   86.9153   -49.5416   256.6151   -30.3705     -1.000    -1.0000    -1.0000     -1.000
   86.9673   -49.5785   256.6625   -30.3417     -1.000    -1.0000    -1.0000     -1.000
   87.0194   -49.6154   256.7099   -30.3130     -1.000    -1.0000    -1.0000     -1.000
   87.0716   -49.6522   256.7573   -30.2842     -1.000    -1.0000    -1.0000     -1.000
   87.1238   -49.6891   256.8046   -30.2554     -1.000    -1.0000    -1.0000     -1.000
   87.1761   -49.7259   256.8519   -30.2266     -1.000    -1.0000    -1.0000     -1.000
   87.2285   -49.7627   256.8992   -30.1977     -1.000    -1.0000    -1.0000     -1.000
   87.2810   -49.7995   256.9464   -30.1689     -1.000    -1.0000    -1.0000     -1.000
   87.3336   -49.8362   256.9936   -30.1400     -1.000    -1.0000    -1.0000     -1.000
   87.3862   -49.8729   257.0408   -30.1111     -1.000    -1.0000    -1.0000     -1.000
   87.4389   -49.9096   257.0879   -30.0822     -1.000    -1.0000    -1.0000     -1.000
   87.4917   -49.9463   257.1351   -30.0533     -1.000    -1.0000    -1.0000     -1.000
   87.5446   -49.9829   257.1822   -30.0244     -1.000    -1.0000    -1.0000     -1.000
   87.5975   -50.0196   257.2293   -29.9954     -1.000    -1.0000    -1.0000     -1.000
   87.6506   -50.0562   257.2763   -29.9664     -1.000    -1.0000    -1.0000     -1.000
   87.7037   -50.0927   257.3233   -29.9375     -1.000    -1.0000    -1.0000     -1.000
   87.7569   -50.1293   257.3703   -29.9085     -1.000    -1.0000    -1.0000     -1.000
   87.8102   -50.1658   257.4173   -29.8794     -1.000    -1.0000    -1.0000     -1.000
   87.8635   -50.2023   257.4642   -29.8504     -1.000    -1.0000    -1.0000     -1.000
   87.9170   -50.2388   257.5111   -29.8213     -1.000    -1.0000    -1.0000     -1.000
   87.9705   -50.2753   257.5580   -29.7923     -1.000    -1.0000    -1.0000     -1.000
   88.0241   -50.3117   257.6049   -29.7632     -1.000    -1.0000    -1.0000     -1.000
   88.0778   -50.3481   257.6517   -29.7341     -1.000    -1.0000    -1.0000     -1.000
   88.1316   -50.3845   257.6985   -29.7050     -1.000    -1.0000    -1.0000     -1.000
   88.1854   -50.4208   257.7453   -29.6758     -1.000    -1.0000    -1.0000     -1.000
   88.2394   -50.4572   257.7920   -29.6467     -1.000    -1.0000    -1.0000     -1.000
   88.2934   -50.4935   257.8387   -29.6175     -1.000    -1.0000    -1.0000     -1.000
   88.3475   -50.5297   257.8854   -29.5883     -1.000    -1.0000    -1.0000     -1.000
   88.4017   -50.5660   257.9321   -29.5591     -1.000    -1.0000    -1.0000     -1.000
   88.4560   -50.6022   257.9787   -29.5299     -1.000    -1.0000    -1.0000     -1.000
   88.5103   -50.6384   258.0254   -29.5007     -1.000    -1.0000    -1.0000     -1.000
   88.5647   -50.6746   258.0719   -29.4714     -1.000    -1.0000    -1.0000     -1.000
   88.6193   -50.7108   258.1185   -29.4422     -1.000    -1.0000    -1.0000     -1.000
   88.6739   -50.7469   258.1650   -29.4129     -1.000    -1.0000    -1.0000     -1.000
   88.7286   -50.7830   258.2115   -29.3836     -1.000    -1.0000    -1.0000     -1.000
   88.7833   -50.8191   258.2580   -29.3543     -1.000    -1.0000    -1.0000     -1.000
   88.8382   -50.8551   258.3045   -29.3249     -1.000    -1.0000    -1.0000     -1.000
   88.8931   -50.8912   258.3509   -29.2956     -1.000    -1.0000    -1.0000     -1.000
   88.9482   -50.9272   258.3973   -29.2662     -1.000    -1.0000    -1.0000     -1.000
   89.0033   -50.9631   258.4437   -29.2368     -1.000    -1.0000    -1.0000     -1.000
   89.0585   -50.9991   258.4900   -29.2074     -1.000    -1.0000    -1.0000     -1.000
   89.1138   -51.0350   258.5363   -29.1780     -1.000    -1.0000    -1.0000     -1.000
   89.1691   -51.0709   258.5826   -29.1486     -1.000    -1.0000    -1.0000     -1.000
   89.2246   -51.1068   258.6289   -29.1192     -1.000    -1.0000    -1.0000     -1.000
   89.2801   -51.1426   258.6751   -29.0897     -1.000    -1.0000    -1.0000     -1.000
   89.3358   -51.1784   258.7213   -29.0602     -1.000    -1.0000    -1.0000     -1.000
   89.3915   -51.2142   258.7675   -29.0307     -1.000    -1.0000    -1.0000     -1.000
   89.4473   -51.2500   258.8137   -29.0012     -1.000    -1.0000    -1.0000     -1.000
   89.5032   -51.2857   258.8598   -28.9717     -1.000    -1.0000    -1.0000     -1.000
   89.5592   -51.3214   258.9059   -28.9422     -1.000    -1.0000    -1.0000     -1.000
   89.6152   -51.3571   258.9520   -28.9126     -1.000    -1.0000    -1.0000     -1.000
   89.6714   -51.3928   258.9980   -28.8831     -1.000    -1.0000    -1.0000     -1.000
   89.7276   -51.4284   259.0441   -28.8535     -1.000    -1.0000    -1.0000     -1.000
   89.7839   -51.4640   259.0901   -28.8239     -1.000    -1.0000    -1.0000     -1.000
   89.8403   -51.4996   259.1361   -28.7942     -1.000    -1.0000    -1.0000     -1.000
   89.8968   -51.5351   259.1820   -28.7646     -1.000    -1.0000    -1.0000     -1.000
   89.9534   -51.5707   259.2279   -28.7350     -1.000    -1.0000    -1.0000     -1.000
   90.0101   -51.6061   259.2738   -28.7053     -1.000    -1.0000    -1.0000     -1.000
   90.0669   -51.6416   259.3197   -28.6756     -1.000    -1.0000    -1.0000     -1.000
   90.1237   -51.6771   259.3655   -28.6459     -1.000    -1.0000    -1.0000     -1.000
   90.1807   -51.7125   259.4114   -28.6162     -1.000    -1.0000    -1.0000     -1.000
   90.2377   -51.7479   259.4572   -28.5865     -1.000    -1.0000    -1.0000     -1.000
   90.2948   -51.7832   259.5029   -28.5568     -1.000    -1.0000    -1.0000     -1.000
   90.3521   -51.8185   259.5487   -28.5270     -1.000    -1.0000    -1.0000     -1.000
   90.4094   -51.8538   259.5944   -28.4972     -1.000    -1.0000    -1.0000     -1.000
   90.4668   -51.8891   259.6401   -28.4675     -1.000    -1.0000    -1.0000     -1.000
   90.5242   -51.9244   259.6857   -28.4377     -1.000    -1.0000    -1.0000     -1.000
   90.5818   -51.9596   259.7314   -28.4078     -1.000    -1.0000    -1.0000     -1.000
   90.6395   -51.9948   259.7770   -28.3780     -1.000    -1.0000    -1.0000     -1.000
   90.6972   -52.0299   259.8226   -28.3482     -1.000    -1.0000    -1.0000     -1.000
   90.7551   -52.0651   259.8681   -28.3183     -1.000    -1.0000    -1.0000     -1.000
   90.8130   -52.1002   259.9137   -28.2884     -1.000    -1.0000    -1.0000     -1.000
   90.8710   -52.1352   259.9592   -28.2585     -1.000    -1.0000    -1.0000     -1.000
   90.9292   -52.1703   260.0047   -28.2286     -1.000    -1.0000    -1.0000     -1.000
   90.9874   -52.2053   260.0501   -28.1987     -1.000    -1.0000    -1.0000     -1.000
   91.0457   -52.2403   260.0956   -28.1688     -1.000    -1.0000    -1.0000     -1.000
   91.1041   -52.2753   260.1410   -28.1388     -1.000    -1.0000    -1.0000     -1.000
   91.1626   -52.3102   260.1863   -28.1088     -1.000    -1.0000    -1.0000     -1.000
   91.2211   -52.3451   260.2317   -28.0789     -1.000    -1.0000    -1.0000     -1.000
   91.2798   -52.3800   260.2770   -28.0489     -1.000    -1.0000    -1.0000     -1.000
   91.3386   -52.4148   260.3223   -28.0189     -1.000    -1.0000    -1.0000     -1.000
   91.3974   -52.4496   260.3676   -27.9888     -1.000    -1.0000    -1.0000     -1.000
   91.4564   -52.4844   260.4129   -27.9588     -1.000    -1.0000    -1.0000     -1.000
   91.5154   -52.5192   260.4581   -27.9287     -1.000    -1.0000    -1.0000     -1.000
   91.5746   -52.5539   260.5033   -27.8987     -1.000    -1.0000    -1.0000     -1.000
   91.6338   -52.5886   260.5485   -27.8686     -1.000    -1.0000    -1.0000     -1.000
   91.6931   -52.6233   260.5937   -27.8385     -1.000    -1.0000    -1.0000     -1.000
   91.7525   -52.6579   260.6388   -27.8084     -1.000    -1.0000    -1.0000     -1.000
   91.8121   -52.6925   260.6839   -27.7782     -1.000    -1.0000    -1.0000     -1.000
   91.8717   -52.7271   260.7290   -27.7481     -1.000    -1.0000    -1.0000     -1.000
   91.9314   -52.7617   260.7740   -27.7179     -1.000    -1.0000    -1.0000     -1.000
   91.9912   -52.7962   260.8191   -27.6878     -1.000    -1.0000    -1.0000     -1.000
   92.0511   -52.8307   260.8641   -27.6576     -1.000    -1.0000    -1.0000     -1.000
   92.1110   -52.8651   260.9091   -27.6274     -1.000    -1.0000    -1.0000     -1.000
   92.1711   -52.8996   260.9540   -27.5971     -1.000    -1.0000    -1.0000     -1.000
   92.2313   -52.9340   260.9989   -27.5669     -1.000    -1.0000    -1.0000     -1.000
   92.2916   -52.9683   261.0438   -27.5367     -1.000    -1.0000    -1.0000     -1.000
   92.3519   -53.0027   261.0887   -27.5064     -1.000    -1.0000    -1.0000     -1.000
   92.4124   -53.0370   261.1336   -27.4761     -1.000    -1.0000    -1.0000     -1.000
   92.4730   -53.0713   261.1784   -27.4458     -1.000    -1.0000    -1.0000     -1.000
   92.5336   -53.1055   261.2232   -27.4155     -1.000    -1.0000    -1.0000     -1.000
   92.5944   -53.1397   261.2680   -27.3852     -1.000    -1.0000    -1.0000     -1.000
   92.6552   -53.1739   261.3128   -27.3549     -1.000    -1.0000    -1.0000     -1.000
   92.7162   -53.2081   261.3575   -27.3245     -1.000    -1.0000    -1.0000     -1.000
   92.7772   -53.2422   261.4022   -27.2942     -1.000    -1.0000    -1.0000     -1.000
   92.8384   -53.2763   261.4469   -27.2638     -1.000    -1.0000    -1.0000     -1.000
   92.8996   -53.3103   261.4916   -27.2334     -1.000    -1.0000    -1.0000     -1.000
   92.9609   -53.3444   261.5362   -27.2030     -1.000    -1.0000    -1.0000     -1.000
   93.0224   -53.3784   261.5808   -27.1726     -1.000    -1.0000    -1.0000     -1.000
   93.0839   -53.4123   261.6254   -27.1422     -1.000    -1.0000    -1.0000     -1.000
   93.1456   -53.4463   261.6700   -27.1117     -1.000    -1.0000    -1.0000     -1.000
   93.2073   -53.4802   261.7145   -27.0813     -1.000    -1.0000    -1.0000     -1.000
   93.2691   -53.5140   261.7590   -27.0508     -1.000    -1.0000    -1.0000     -1.000
   93.3310   -53.5479   261.8035   -27.0203     -1.000    -1.0000    -1.0000     -1.000
   93.3931   -53.5817   261.8480   -26.9898     -1.000    -1.0000    -1.0000     -1.000
   93.4552   -53.6155   261.8924   -26.9593     -1.000    -1.0000    -1.0000     -1.000
   93.5174   -53.6492   261.9368   -26.9288     -1.000    -1.0000    -1.0000     -1.000
   93.5797   -53.6829   261.9812   -26.8982     -1.000    -1.0000    -1.0000     -1.000
   93.6422   -53.7166   262.0256   -26.8677     -1.000    -1.0000    -1.0000     -1.000
   93.7047   -53.7502   262.0700   -26.8371     -1.000    -1.0000    -1.0000     -1.000
   93.7673   -53.7839   262.1143   -26.8065     -1.000    -1.0000    -1.0000     -1.000
   93.8301   -53.8174   262.1586   -26.7759     -1.000    -1.0000    -1.0000     -1.000
   93.8929   -53.8510   262.2029   -26.7453     -1.000    -1.0000    -1.0000     -1.000
   93.9558   -53.8845   262.2471   -26.7147     -1.000    -1.0000    -1.0000     -1.000
   94.0188   -53.9180   262.2913   -26.6840     -1.000    -1.0000    -1.0000     -1.000
   94.0820   -53.9514   262.3355   -26.6534     -1.000    -1.0000    -1.0000     -1.000
   94.1452   -53.9848   262.3797   -26.6227     -1.000    -1.0000    -1.0000     -1.000
   94.2085   -54.0182   262.4239   -26.5920     -1.000    -1.0000    -1.0000     -1.000
   94.2720   -54.0516   262.4680   -26.5613     -1.000    -1.0000    -1.0000     -1.000
   94.3355   -54.0849   262.5121   -26.5306     -1.000    -1.0000    -1.0000     -1.000
   94.3991   -54.1182   262.5562   -26.4999     -1.000    -1.0000    -1.0000     -1.000
   94.4629   -54.1514   262.6003   -26.4692     -1.000    -1.0000    -1.0000     -1.000
   94.5267   -54.1846   262.6443   -26.4384     -1.000    -1.0000    -1.0000     -1.000
   94.5907   -54.2178   262.6883   -26.4076     -1.000    -1.0000    -1.0000     -1.000
   94.6547   -54.2510   262.7323   -26.3769     -1.000    -1.0000    -1.0000     -1.000
   94.7189   -54.2841   262.7763   -26.3461     -1.000    -1.0000    -1.0000     -1.000
   94.7831   -54.3171   262.8202   -26.3153     -1.000    -1.0000    -1.0000     -1.000
   94.8475   -54.3502   262.8641   -26.2845     -1.000    -1.0000    -1.0000     -1.000
   94.9119   -54.3832   262.9080   -26.2536     -1.000    -1.0000    -1.0000     -1.000
   94.9765   -54.4162   262.9519   -26.2228     -1.000    -1.0000    -1.0000     -1.000
   95.0412   -54.4491   262.9958   -26.1919     -1.000    -1.0000    -1.0000     -1.000
   95.1059   -54.4820   263.0396   -26.1611     -1.000    -1.0000    -1.0000     -1.000
   95.1708   -54.5149   263.0834   -26.1302     -1.000    -1.0000    -1.0000     -1.000
   95.2358   -54.5477   263.1272   -26.0993     -1.000    -1.0000    -1.0000     -1.000
   95.3009   -54.5805   263.1709   -26.0684     -1.000    -1.0000    -1.0000     -1.000
   95.3661   -54.6133   263.2147   -26.0375     -1.000    -1.0000    -1.0000     -1.000
   95.4314   -54.6460   263.2584   -26.0065     -1.000    -1.0000    -1.0000     -1.000
   95.4968   -54.6787   263.3021   -25.9756     -1.000    -1.0000    -1.0000     -1.000
   95.5623   -54.7114   263.3457   -25.9446     -1.000    -1.0000    -1.0000     -1.000
   95.6279   -54.7440   263.3894   -25.9136     -1.000    -1.0000    -1.0000     -1.000
   95.6936   -54.7766   263.4330   -25.8827     -1.000    -1.0000    -1.0000     -1.000
   95.7594   -54.8092   263.4766   -25.8517     -1.000    -1.0000    -1.0000     -1.000
   95.8254   -54.8417   263.5202   -25.8206     -1.000    -1.0000    -1.0000     -1.000
   95.8914   -54.8742   263.5637   -25.7896     -1.000    -1.0000    -1.0000     -1.000
   95.9576   -54.9066   263.6073   -25.7586     -1.000    -1.0000    -1.0000     -1.000
   96.0238   -54.9390   263.6508   -25.7275     -1.000    -1.0000    -1.0000     -1.000
   96.0902   -54.9714   263.6943   -25.6965     -1.000    -1.0000    -1.0000     -1.000
   96.1566   -55.0037   263.7377   -25.6654     -1.000    -1.0000    -1.0000     -1.000
   96.2232   -55.0360   263.7812   -25.6343     -1.000    -1.0000    -1.0000     -1.000
   96.2899   -55.0683   263.8246   -25.6032     -1.000    -1.0000    -1.0000     -1.000
   96.3567   -55.1005   263.8680   -25.5721     -1.000    -1.0000    -1.0000     -1.000
   96.4235   -55.1327   263.9113   -25.5409     -1.000    -1.0000    -1.0000     -1.000
   96.4905   -55.1649   263.9547   -25.5098     -1.000    -1.0000    -1.0000     -1.000
   96.5577   -55.1970   263.9980   -25.4786     -1.000    -1.0000    -1.0000     -1.000
   96.6249   -55.2291   264.0413   -25.4475     -1.000    -1.0000    -1.0000     -1.000
   96.6922   -55.2611   264.0846   -25.4163     -1.000    -1.0000    -1.0000     -1.000
   96.7596   -55.2931   264.1278   -25.3851     -1.000    -1.0000    -1.0000     -1.000
   96.8272   -55.3251   264.1711   -25.3539     -1.000    -1.0000    -1.0000     -1.000
   96.8948   -55.3570   264.2143   -25.3227     -1.000    -1.0000    -1.0000     -1.000
   96.9626   -55.3889   264.2575   -25.2914     -1.000    -1.0000    -1.0000     -1.000
   97.0305   -55.4208   264.3007   -25.2602     -1.000    -1.0000    -1.0000     -1.000
   97.0984   -55.4526   264.3438   -25.2289     -1.000    -1.0000    -1.0000     -1.000
   97.1665   -55.4844   264.3869   -25.1977     -1.000    -1.0000    -1.0000     -1.000
