#   RA_deg    DEC_deg      l_deg      b_deg   Rhel_kpc    phi_deg  theta_deg   Rgal_kpc parallax_mas
  354.3252   -59.7915   319.1016   -54.9481     27.000   287.6022   -64.2711     24.536     0.037037
  354.4246   -59.7914   319.0257   -54.9727     27.000   287.4815   -64.2724     24.543     0.037037
  354.5240   -59.7913   318.9498   -54.9972     27.000   287.3608   -64.2735     24.550     0.037037
  354.6233   -59.7911   318.8738   -55.0217     27.000   287.2401   -64.2745     24.557     0.037037
  354.7227   -59.7909   318.7977   -55.0462     27.000   287.1194   -64.2754     24.564     0.037037
  354.8221   -59.7905   318.7216   -55.0706     27.000   286.9988   -64.2763     24.571     0.037037
  354.9214   -59.7901   318.6453   -55.0950     27.000   286.8782   -64.2770     24.578     0.037037
  355.0208   -59.7897   318.5689   -55.1193     27.000   286.7577   -64.2776     24.586     0.037037
  355.1202   -59.7891   318.4925   -55.1436     27.000   286.6371   -64.2782     24.593     0.037037
  355.2195   -59.7885   318.4159   -55.1678     27.000   286.5166   -64.2786     24.600     0.037037
  355.3189   -59.7877   318.3393   -55.1920     27.000   286.3961   -64.2790     24.607     0.037037
  355.4182   -59.7870   318.2625   -55.2161     27.000   286.2757   -64.2792     24.614     0.037037
  355.5176   -59.7861   318.1857   -55.2402     27.000   286.1553   -64.2794     24.621     0.037037
  355.6169   -59.7852   318.1088   -55.2642     27.000   286.0349   -64.2794     24.628     0.037037
  355.7162   -59.7841   318.0317   -55.2882     27.000   285.9146   -64.2794     24.636     0.037037
  355.8156   -59.7831   317.9546   -55.3121     27.000   285.7943   -64.2793     24.643     0.037037
  355.9149   -59.7819   317.8774   -55.3360     27.000   285.6741   -64.2791     24.650     0.037037
  356.0142   -59.7807   317.8001   -55.3599     27.000   285.5539   -64.2788     24.657     0.037037
  356.1135   -59.7794   317.7227   -55.3836     27.000   285.4337   -64.2783     24.664     0.037037
  356.2128   -59.7780   317.6452   -55.4074     27.000   285.3135   -64.2778     24.671     0.037037
  356.3121   -59.7765   317.5677   -55.4311     27.000   285.1934   -64.2772     24.679     0.037037
  356.4114   -59.7750   317.4900   -55.4547     27.000   285.0734   -64.2765     24.686     0.037037
  356.5106   -59.7734   317.4122   -55.4783     27.000   284.9534   -64.2758     24.693     0.037037
  356.6099   -59.7717   317.3344   -55.5019     27.000   284.8334   -64.2749     24.700     0.037037
  356.7092   -59.7699   317.2564   -55.5253     27.000   284.7135   -64.2739     24.707     0.037037
  356.8084   -59.7681   317.1784   -55.5488     27.000   284.5936   -64.2728     24.714     0.037037
  356.9076   -59.7662   317.1002   -55.5722     27.000   284.4738   -64.2717     24.721     0.037037
  357.0068   -59.7642   317.0220   -55.5955     27.000   284.3540   -64.2704     24.729     0.037037
  357.1061   -59.7621   316.9437   -55.6188     27.000   284.2343   -64.2691     24.736     0.037037
  357.2052   -59.7600   316.8653   -55.6421     27.000   284.1146   -64.2676     24.743     0.037037
  357.3044   -59.7578   316.7867   -55.6653     27.000   283.9949   -64.2661     24.750     0.037037
  357.4036   -59.7555   316.7081   -55.6884     27.000   283.8753   -64.2644     24.757     0.037037
  357.5027   -59.7532   316.6294   -55.7115     27.000   283.7558   -64.2627     24.764     0.037037
  357.6019   -59.7507   316.5507   -55.7345     27.000   283.6363   -64.2609     24.772     0.037037
  357.7010   -59.7482   316.4718   -55.7575     27.000   283.5169   -64.2590     24.779     0.037037
  357.8001   -59.7457   316.3928   -55.7805     27.000   283.3975   -64.2570     24.786     0.037037
  357.8992   -59.7430   316.3137   -55.8034     27.000   283.2782   -64.2549     24.793     0.037037
  357.9983   -59.7403   316.2346   -55.8262     27.000   283.1589   -64.2527     24.800     0.037037
  358.0974   -59.7375   316.1553   -55.8490     27.000   283.0397   -64.2504     24.808     0.037037
  358.1964   -59.7346   316.0760   -55.8717     27.000   282.9205   -64.2480     24.815     0.037037
  358.2954   -59.7316   315.9965   -55.8944     27.000   282.8014   -64.2455     24.822     0.037037
  358.3944   -59.7286   315.9170   -55.9171     27.000   282.6823   -64.2430     24.829     0.037037
  358.4934   -59.7255   315.8374   -55.9396     27.000   282.5633   -64.2403     24.836     0.037037
  358.5924   -59.7223   315.7576   -55.9622     27.000   282.4444   -64.2376     24.843     0.037037
  358.6914   -59.7191   315.6778   -55.9846     27.000   282.3255   -64.2347     24.851     0.037037
  358.7903   -59.7158   315.5979   -56.0071     27.000   282.2067   -64.2318     24.858     0.037037
  358.8892   -59.7124   315.5179   -56.0295     27.000   282.0879   -64.2288     24.865     0.037037
  358.9881   -59.7089   315.4378   -56.0518     27.000   281.9692   -64.2256     24.872     0.037037
  359.0870   -59.7054   315.3577   -56.0741     27.000   281.8506   -64.2224     24.879     0.037037
  359.1858   -59.7017   315.2774   -56.0963     27.000   281.7320   -64.2191     24.886     0.037037
  359.2847   -59.6980   315.1970   -56.1184     27.000   281.6135   -64.2158     24.894     0.037037
  359.3835   -59.6943   315.1166   -56.1406     27.000   281.4951   -64.2123     24.901     0.037037
  359.4823   -59.6904   315.0360   -56.1626     27.000   281.3767   -64.2087     24.908     0.037037
  359.5810   -59.6865   314.9554   -56.1846     27.000   281.2584   -64.2050     24.915     0.037037
  359.6798   -59.6825   314.8746   -56.2066     27.000   281.1401   -64.2013     24.922     0.037037
  359.7785   -59.6785   314.7938   -56.2285     27.000   281.0219   -64.1974     24.930     0.037037
  359.8772   -59.6743   314.7129   -56.2504     27.000   280.9038   -64.1935     24.937     0.037037
  359.9758   -59.6701   314.6318   -56.2722     27.000   280.7858   -64.1895     24.944     0.037037
    0.0745   -59.6658   314.5507   -56.2939     25.684   278.3952   -64.3346     23.705     0.038935
    0.1731   -59.6614   314.4695   -56.3156     25.726   278.3533   -64.3242     23.752     0.038872
    0.2717   -59.6570   314.3882   -56.3373     25.767   278.3112   -64.3138     23.798     0.038809
    0.3703   -59.6525   314.3069   -56.3588     25.809   278.2688   -64.3035     23.844     0.038747
    0.4688   -59.6479   314.2254   -56.3804     25.850   278.2262   -64.2931     23.891     0.038685
    0.5673   -59.6433   314.1438   -56.4019     25.891   278.1834   -64.2827     23.937     0.038623
    0.6658   -59.6385   314.0622   -56.4233     25.933   278.1403   -64.2724     23.983     0.038561
    0.7642   -59.6337   313.9804   -56.4447     25.974   278.0970   -64.2620     24.030     0.038499
    0.8627   -59.6288   313.8986   -56.4660     26.016   278.0535   -64.2517     24.076     0.038438
    0.9611   -59.6239   313.8166   -56.4872     26.057   278.0098   -64.2414     24.123     0.038377
    1.0594   -59.6189   313.7346   -56.5085     26.099   277.9658   -64.2311     24.169     0.038316
    1.1578   -59.6138   313.6525   -56.5296     26.140   277.9216   -64.2208     24.215     0.038255
    1.2561   -59.6086   313.5703   -56.5507     26.182   277.8772   -64.2105     24.262     0.038195
    1.3544   -59.6034   313.4880   -56.5718     26.223   277.8325   -64.2002     24.308     0.038135
    1.4526   -59.5980   313.4056   -56.5928     26.264   277.7876   -64.1899     24.354     0.038075
    1.5508   -59.5926   313.3231   -56.6137     26.306   277.7425   -64.1797     24.401     0.038015
    1.6490   -59.5872   313.2405   -56.6346     26.347   277.6972   -64.1694     24.447     0.037955
    1.7472   -59.5816   313.1578   -56.6554     26.388   277.6517   -64.1591     24.493     0.037896
    1.8453   -59.5760   313.0751   -56.6762     26.430   277.6060   -64.1489     24.540     0.037836
    1.9434   -59.5703   312.9922   -56.6969     26.471   277.5600   -64.1387     24.586     0.037777
    2.0414   -59.5646   312.9093   -56.7176     26.512   277.5138   -64.1284     24.632     0.037719
    2.1395   -59.5587   312.8262   -56.7382     26.553   277.4674   -64.1182     24.679     0.037660
    2.2374   -59.5528   312.7431   -56.7588     26.595   277.4208   -64.1080     24.725     0.037601
    2.3354   -59.5469   312.6599   -56.7793     26.636   277.3740   -64.0978     24.771     0.037543
    2.4333   -59.5408   312.5766   -56.7997     26.677   277.3270   -64.0876     24.818     0.037485
    2.5312   -59.5347   312.4932   -56.8201     26.718   277.2798   -64.0774     24.864     0.037427
    2.6290   -59.5285   312.4097   -56.8404     26.760   277.2324   -64.0672     24.910     0.037370
    2.7269   -59.5222   312.3261   -56.8607     26.801   277.1848   -64.0570     24.956     0.037312
    2.8246   -59.5159   312.2424   -56.8809     26.842   277.1369   -64.0468     25.003     0.037255
    2.9224   -59.5094   312.1587   -56.9011     26.883   277.0889   -64.0366     25.049     0.037198
    3.0201   -59.5030   312.0748   -56.9212     26.924   277.0407   -64.0264     25.095     0.037141
    3.1177   -59.4964   311.9909   -56.9412     26.965   276.9922   -64.0162     25.141     0.037085
    3.2154   -59.4898   311.9069   -56.9612     27.000   276.9331   -64.0065     25.181     0.037037
  353.7290   -59.7901   319.5545   -54.7994     27.000   288.3272   -64.2618     24.493     0.037037
  353.8283   -59.7905   319.4792   -54.8243     27.000   288.2063   -64.2636     24.500     0.037037
  353.9277   -59.7909   319.4039   -54.8492     27.000   288.0855   -64.2653     24.507     0.037037
  354.0271   -59.7911   319.3284   -54.8740     27.000   287.9646   -64.2669     24.514     0.037037
  354.1265   -59.7913   319.2529   -54.8987     27.000   287.8438   -64.2684     24.521     0.037037
  354.2258   -59.7914   319.1773   -54.9234     27.000   287.7230   -64.2698     24.528     0.037037
  354.3252   -59.7415   319.1445   -54.9916     27.000   287.6083   -64.3260     24.537     0.037037
  354.4244   -59.7414   319.0686   -55.0162     27.000   287.4873   -64.3272     24.544     0.037037
  354.5237   -59.7413   318.9927   -55.0408     27.000   287.3664   -64.3283     24.552     0.037037
  354.6229   -59.7411   318.9166   -55.0653     27.000   287.2455   -64.3293     24.559     0.037037
  354.7221   -59.7409   318.8405   -55.0898     27.000   287.1246   -64.3302     24.566     0.037037
  354.8213   -59.7406   318.7642   -55.1143     27.000   287.0037   -64.3310     24.573     0.037037
  354.9205   -59.7401   318.6879   -55.1386     27.000   286.8829   -64.3317     24.580     0.037037
  355.0198   -59.7397   318.6115   -55.1630     27.000   286.7621   -64.3323     24.587     0.037037
  355.1190   -59.7391   318.5349   -55.1873     27.000   286.6413   -64.3329     24.594     0.037037
  355.2182   -59.7385   318.4583   -55.2115     27.000   286.5206   -64.3333     24.602     0.037037
  355.3174   -59.7377   318.3816   -55.2357     27.000   286.3999   -64.3337     24.609     0.037037
  355.4166   -59.7370   318.3048   -55.2599     27.000   286.2792   -64.3339     24.616     0.037037
  355.5158   -59.7361   318.2279   -55.2840     27.000   286.1586   -64.3340     24.623     0.037037
  355.6150   -59.7352   318.1509   -55.3081     27.000   286.0380   -64.3341     24.630     0.037037
  355.7142   -59.7342   318.0739   -55.3321     27.000   285.9174   -64.3340     24.637     0.037037
  355.8133   -59.7331   317.9967   -55.3560     27.000   285.7969   -64.3339     24.644     0.037037
  355.9125   -59.7319   317.9194   -55.3800     27.000   285.6764   -64.3337     24.652     0.037037
  356.0117   -59.7307   317.8421   -55.4038     27.000   285.5560   -64.3333     24.659     0.037037
  356.1108   -59.7294   317.7646   -55.4276     27.000   285.4356   -64.3329     24.666     0.037037
  356.2100   -59.7280   317.6871   -55.4514     27.000   285.3152   -64.3324     24.673     0.037037
  356.3091   -59.7265   317.6094   -55.4751     27.000   285.1949   -64.3318     24.680     0.037037
  356.4083   -59.7250   317.5317   -55.4988     27.000   285.0746   -64.3311     24.687     0.037037
  356.5074   -59.7234   317.4538   -55.5224     27.000   284.9543   -64.3303     24.695     0.037037
  356.6065   -59.7217   317.3759   -55.5460     27.000   284.8341   -64.3294     24.702     0.037037
  356.7056   -59.7200   317.2979   -55.5695     27.000   284.7140   -64.3284     24.709     0.037037
  356.8047   -59.7181   317.2198   -55.5930     27.000   284.5939   -64.3273     24.716     0.037037
  356.9038   -59.7162   317.1416   -55.6164     27.000   284.4738   -64.3261     24.723     0.037037
  357.0028   -59.7142   317.0633   -55.6397     27.000   284.3538   -64.3248     24.730     0.037037
  357.1019   -59.7122   316.9849   -55.6631     27.000   284.2339   -64.3235     24.738     0.037037
  357.2009   -59.7101   316.9064   -55.6863     27.000   284.1139   -64.3220     24.745     0.037037
  357.3000   -59.7079   316.8279   -55.7096     27.000   283.9941   -64.3205     24.752     0.037037
  357.3990   -59.7056   316.7492   -55.7327     27.000   283.8742   -64.3188     24.759     0.037037
  357.4980   -59.7032   316.6704   -55.7558     27.000   283.7545   -64.3171     24.766     0.037037
  357.5970   -59.7008   316.5916   -55.7789     27.000   283.6348   -64.3152     24.773     0.037037
  357.6960   -59.6983   316.5126   -55.8019     27.000   283.5151   -64.3133     24.781     0.037037
  357.7949   -59.6957   316.4336   -55.8249     27.000   283.3955   -64.3113     24.788     0.037037
  357.8939   -59.6931   316.3545   -55.8478     27.000   283.2759   -64.3092     24.795     0.037037
  357.9928   -59.6904   316.2752   -55.8707     27.000   283.1564   -64.3069     24.802     0.037037
  358.0917   -59.6876   316.1959   -55.8935     27.000   283.0370   -64.3046     24.809     0.037037
  358.1906   -59.6847   316.1165   -55.9163     27.000   282.9176   -64.3022     24.816     0.037037
  358.2895   -59.6817   316.0370   -55.9390     27.000   282.7982   -64.2998     24.824     0.037037
  358.3884   -59.6787   315.9574   -55.9616     27.000   282.6790   -64.2972     24.831     0.037037
  358.4872   -59.6756   315.8777   -55.9843     27.000   282.5597   -64.2945     24.838     0.037037
  358.5860   -59.6724   315.7979   -56.0068     27.000   282.4406   -64.2917     24.845     0.037037
  358.6848   -59.6692   315.7180   -56.0293     27.000   282.3215   -64.2889     24.852     0.037037
  358.7836   -59.6659   315.6380   -56.0518     27.000   282.2024   -64.2859     24.859     0.037037
  358.8824   -59.6625   315.5580   -56.0742     27.000   282.0834   -64.2829     24.867     0.037037
  358.9812   -59.6590   315.4778   -56.0965     27.000   281.9645   -64.2797     24.874     0.037037
  359.0799   -59.6555   315.3976   -56.1188     27.000   281.8457   -64.2765     24.881     0.037037
  359.1786   -59.6519   315.3172   -56.1411     27.000   281.7269   -64.2732     24.888     0.037037
  359.2773   -59.6482   315.2368   -56.1633     27.000   281.6081   -64.2698     24.895     0.037037
  359.3759   -59.6444   315.1563   -56.1854     27.000   281.4895   -64.2663     24.903     0.037037
  359.4746   -59.6406   315.0756   -56.2075     27.000   281.3709   -64.2627     24.910     0.037037
  359.5732   -59.6367   314.9949   -56.2295     27.000   281.2523   -64.2590     24.917     0.037037
  359.6718   -59.6327   314.9141   -56.2515     27.000   281.1339   -64.2552     24.924     0.037037
  359.7704   -59.6286   314.8332   -56.2735     27.000   281.0155   -64.2514     24.931     0.037037
  359.8689   -59.6245   314.7522   -56.2953     27.000   280.8971   -64.2474     24.938     0.037037
  359.9674   -59.6203   314.6711   -56.3172     27.000   280.7789   -64.2433     24.946     0.037037
    0.0659   -59.6160   314.5899   -56.3389     25.680   278.3771   -64.3888     23.704     0.038940
    0.1644   -59.6116   314.5087   -56.3607     25.722   278.3351   -64.3784     23.750     0.038877
    0.2628   -59.6072   314.4273   -56.3823     25.763   278.2928   -64.3680     23.796     0.038815
    0.3613   -59.6027   314.3458   -56.4039     25.805   278.2503   -64.3576     23.842     0.038753
    0.4597   -59.5981   314.2643   -56.4255     25.846   278.2075   -64.3472     23.889     0.038690
    0.5580   -59.5935   314.1826   -56.4470     25.888   278.1646   -64.3368     23.935     0.038629
    0.6564   -59.5888   314.1009   -56.4685     25.929   278.1213   -64.3264     23.981     0.038567
    0.7547   -59.5840   314.0191   -56.4899     25.970   278.0779   -64.3161     24.028     0.038505
    0.8530   -59.5791   313.9372   -56.5112     26.012   278.0342   -64.3057     24.074     0.038444
    0.9512   -59.5741   313.8551   -56.5325     26.053   277.9903   -64.2954     24.120     0.038383
    1.0494   -59.5691   313.7730   -56.5537     26.095   277.9462   -64.2851     24.167     0.038322
    1.1476   -59.5640   313.6908   -56.5749     26.136   277.9018   -64.2747     24.213     0.038262
    1.2458   -59.5589   313.6085   -56.5961     26.177   277.8573   -64.2644     24.259     0.038201
    1.3439   -59.5536   313.5262   -56.6171     26.219   277.8125   -64.2541     24.306     0.038141
    1.4420   -59.5483   313.4437   -56.6382     26.260   277.7674   -64.2438     24.352     0.038081
    1.5401   -59.5429   313.3611   -56.6591     26.301   277.7222   -64.2335     24.398     0.038021
    1.6382   -59.5375   313.2785   -56.6800     26.342   277.6767   -64.2233     24.444     0.037962
    1.7362   -59.5319   313.1957   -56.7009     26.384   277.6311   -64.2130     24.491     0.037902
    1.8342   -59.5263   313.1129   -56.7217     26.425   277.5852   -64.2027     24.537     0.037843
    1.9321   -59.5207   313.0299   -56.7424     26.466   277.5390   -64.1925     24.583     0.037784
    2.0300   -59.5149   312.9469   -56.7631     26.507   277.4927   -64.1822     24.630     0.037725
    2.1279   -59.5091   312.8638   -56.7838     26.549   277.4462   -64.1720     24.676     0.037667
    2.2257   -59.5032   312.7806   -56.8043     26.590   277.3994   -64.1617     24.722     0.037608
    2.3235   -59.4972   312.6973   -56.8249     26.631   277.3525   -64.1515     24.768     0.037550
    2.4213   -59.4912   312.6139   -56.8453     26.672   277.3053   -64.1413     24.814     0.037492
    2.5191   -59.4851   312.5304   -56.8657     26.713   277.2580   -64.1310     24.861     0.037435
    2.6168   -59.4789   312.4469   -56.8861     26.754   277.2104   -64.1208     24.907     0.037377
    2.7144   -59.4726   312.3632   -56.9064     26.796   277.1626   -64.1106     24.953     0.037320
    2.8121   -59.4663   312.2794   -56.9267     26.837   277.1146   -64.1004     24.999     0.037262
    2.9097   -59.4599   312.1956   -56.9468     26.878   277.0665   -64.0902     25.045     0.037205
    3.0072   -59.4534   312.1117   -56.9670     26.919   277.0181   -64.0800     25.092     0.037149
    3.1047   -59.4468   312.0276   -56.9871     26.960   276.9695   -64.0698     25.138     0.037092
    3.2022   -59.4402   311.9435   -57.0071     27.000   276.9192   -64.0597     25.183     0.037037
  353.7299   -59.7401   319.5977   -54.8428     27.000   288.3347   -64.3167     24.494     0.037037
  353.8291   -59.7406   319.5224   -54.8677     27.000   288.2135   -64.3185     24.502     0.037037
  353.9283   -59.7409   319.4470   -54.8926     27.000   288.0924   -64.3202     24.509     0.037037
  354.0275   -59.7411   319.3715   -54.9174     27.000   287.9714   -64.3218     24.516     0.037037
  354.1268   -59.7413   319.2959   -54.9422     27.000   287.8503   -64.3233     24.523     0.037037
  354.2260   -59.7414   319.2203   -54.9669     27.000   287.7293   -64.3247     24.530     0.037037
  354.3252   -59.6915   319.1875   -55.0351     27.000   287.6143   -64.3808     24.539     0.037037
  354.4243   -59.6914   319.1116   -55.0597     27.000   287.4931   -64.3819     24.546     0.037037
  354.5234   -59.6913   319.0356   -55.0843     27.000   287.3719   -64.3830     24.553     0.037037
  354.6224   -59.6911   318.9595   -55.1089     27.000   287.2508   -64.3840     24.560     0.037037
  354.7215   -59.6909   318.8833   -55.1334     27.000   287.1297   -64.3849     24.568     0.037037
  354.8206   -59.6906   318.8070   -55.1579     27.000   287.0086   -64.3857     24.575     0.037037
  354.9197   -59.6901   318.7306   -55.1823     27.000   286.8875   -64.3865     24.582     0.037037
  355.0187   -59.6897   318.6541   -55.2067     27.000   286.7665   -64.3871     24.589     0.037037
  355.1178   -59.6891   318.5775   -55.2310     27.000   286.6455   -64.3876     24.596     0.037037
  355.2168   -59.6885   318.5008   -55.2553     27.000   286.5245   -64.3880     24.603     0.037037
  355.3159   -59.6878   318.4241   -55.2795     27.000   286.4036   -64.3883     24.611     0.037037
  355.4150   -59.6870   318.3472   -55.3037     27.000   286.2827   -64.3886     24.618     0.037037
  355.5140   -59.6861   318.2703   -55.3278     27.000   286.1618   -64.3887     24.625     0.037037
  355.6131   -59.6852   318.1932   -55.3519     27.000   286.0410   -64.3887     24.632     0.037037
  355.7121   -59.6842   318.1161   -55.3759     27.000   285.9202   -64.3887     24.639     0.037037
  355.8111   -59.6831   318.0388   -55.3999     27.000   285.7994   -64.3885     24.646     0.037037
  355.9101   -59.6819   317.9615   -55.4239     27.000   285.6787   -64.3883     24.653     0.037037
  356.0092   -59.6807   317.8841   -55.4478     27.000   285.5580   -64.3879     24.661     0.037037
  356.1082   -59.6794   317.8066   -55.4716     27.000   285.4374   -64.3875     24.668     0.037037
  356.2072   -59.6780   317.7290   -55.4954     27.000   285.3168   -64.3870     24.675     0.037037
  356.3062   -59.6766   317.6513   -55.5191     27.000   285.1963   -64.3863     24.682     0.037037
  356.4051   -59.6750   317.5735   -55.5428     27.000   285.0757   -64.3856     24.689     0.037037
  356.5041   -59.6734   317.4956   -55.5665     27.000   284.9553   -64.3848     24.696     0.037037
  356.6031   -59.6717   317.4176   -55.5901     27.000   284.8348   -64.3839     24.704     0.037037
  356.7020   -59.6700   317.3395   -55.6136     27.000   284.7145   -64.3829     24.711     0.037037
  356.8010   -59.6682   317.2613   -55.6371     27.000   284.5941   -64.3818     24.718     0.037037
  356.8999   -59.6663   317.1831   -55.6606     27.000   284.4738   -64.3806     24.725     0.037037
  356.9988   -59.6643   317.1047   -55.6840     27.000   284.3536   -64.3793     24.732     0.037037
  357.0978   -59.6622   317.0263   -55.7073     27.000   284.2334   -64.3779     24.739     0.037037
  357.1967   -59.6601   316.9477   -55.7306     27.000   284.1133   -64.3764     24.746     0.037037
  357.2955   -59.6579   316.8691   -55.7538     27.000   283.9932   -64.3748     24.754     0.037037
  357.3944   -59.6556   316.7904   -55.7770     27.000   283.8731   -64.3732     24.761     0.037037
  357.4933   -59.6533   316.7115   -55.8002     27.000   283.7531   -64.3714     24.768     0.037037
  357.5921   -59.6509   316.6326   -55.8233     27.000   283.6332   -64.3696     24.775     0.037037
  357.6909   -59.6484   316.5536   -55.8463     27.000   283.5133   -64.3676     24.782     0.037037
  357.7898   -59.6458   316.4745   -55.8693     27.000   283.3934   -64.3656     24.789     0.037037
  357.8886   -59.6432   316.3953   -55.8923     27.000   283.2737   -64.3634     24.797     0.037037
  357.9873   -59.6404   316.3160   -55.9152     27.000   283.1539   -64.3612     24.804     0.037037
  358.0861   -59.6376   316.2366   -55.9380     27.000   283.0342   -64.3589     24.811     0.037037
  358.1849   -59.6348   316.1571   -55.9608     27.000   282.9146   -64.3565     24.818     0.037037
  358.2836   -59.6318   316.0775   -55.9835     27.000   282.7951   -64.3540     24.825     0.037037
  358.3823   -59.6288   315.9979   -56.0062     27.000   282.6756   -64.3514     24.833     0.037037
  358.4810   -59.6257   315.9181   -56.0289     27.000   282.5561   -64.3487     24.840     0.037037
  358.5797   -59.6225   315.8383   -56.0514     27.000   282.4367   -64.3459     24.847     0.037037
  358.6784   -59.6193   315.7583   -56.0740     27.000   282.3174   -64.3430     24.854     0.037037
  358.7770   -59.6160   315.6783   -56.0965     27.000   282.1981   -64.3400     24.861     0.037037
  358.8756   -59.6126   315.5981   -56.1189     27.000   282.0789   -64.3370     24.868     0.037037
  358.9742   -59.6091   315.5179   -56.1413     27.000   281.9598   -64.3338     24.876     0.037037
  359.0728   -59.6056   315.4376   -56.1636     27.000   281.8407   -64.3306     24.883     0.037037
  359.1714   -59.6020   315.3572   -56.1859     27.000   281.7217   -64.3272     24.890     0.037037
  359.2699   -59.5983   315.2766   -56.2081     27.000   281.6027   -64.3238     24.897     0.037037
  359.3684   -59.5946   315.1960   -56.2303     27.000   281.4838   -64.3203     24.904     0.037037
  359.4669   -59.5907   315.1153   -56.2524     27.000   281.3650   -64.3167     24.911     0.037037
  359.5654   -59.5868   315.0346   -56.2744     27.000   281.2463   -64.3130     24.919     0.037037
  359.6638   -59.5828   314.9537   -56.2964     27.000   281.1276   -64.3092     24.926     0.037037
  359.7623   -59.5788   314.8727   -56.3184     27.000   281.0090   -64.3053     24.933     0.037037
  359.8607   -59.5747   314.7916   -56.3403     27.000   280.8904   -64.3013     24.940     0.037037
  359.9591   -59.5705   314.7105   -56.3622     27.000   280.7719   -64.2972     24.947     0.037037
    0.0574   -59.5662   314.6292   -56.3840     25.677   278.3590   -64.4430     23.702     0.038946
    0.1557   -59.5618   314.5479   -56.4057     25.718   278.3168   -64.4325     23.748     0.038883
    0.2540   -59.5574   314.4664   -56.4274     25.760   278.2743   -64.4221     23.794     0.038820
    0.3523   -59.5529   314.3849   -56.4490     25.801   278.2317   -64.4117     23.841     0.038758
    0.4506   -59.5483   314.3033   -56.4706     25.842   278.1888   -64.4012     23.887     0.038696
    0.5488   -59.5437   314.2215   -56.4922     25.884   278.1456   -64.3909     23.933     0.038634
    0.6470   -59.5390   314.1397   -56.5136     25.925   278.1023   -64.3805     23.979     0.038573
    0.7451   -59.5342   314.0578   -56.5351     25.966   278.0587   -64.3701     24.026     0.038511
    0.8433   -59.5293   313.9758   -56.5564     26.008   278.0148   -64.3597     24.072     0.038450
    0.9414   -59.5244   313.8937   -56.5778     26.049   277.9708   -64.3494     24.118     0.038389
    1.0395   -59.5194   313.8116   -56.5990     26.090   277.9265   -64.3390     24.164     0.038328
    1.1375   -59.5143   313.7293   -56.6202     26.132   277.8820   -64.3287     24.211     0.038268
    1.2356   -59.5091   313.6469   -56.6414     26.173   277.8373   -64.3184     24.257     0.038208
    1.3335   -59.5039   313.5645   -56.6625     26.214   277.7923   -64.3080     24.303     0.038147
    1.4315   -59.4986   313.4819   -56.6835     26.255   277.7471   -64.2977     24.349     0.038087
    1.5294   -59.4932   313.3993   -56.7045     26.297   277.7017   -64.2874     24.396     0.038028
    1.6273   -59.4878   313.3165   -56.7255     26.338   277.6561   -64.2771     24.442     0.037968
    1.7252   -59.4823   313.2337   -56.7463     26.379   277.6103   -64.2668     24.488     0.037909
    1.8230   -59.4767   313.1508   -56.7672     26.420   277.5643   -64.2565     24.534     0.037850
    1.9209   -59.4710   313.0678   -56.7879     26.461   277.5180   -64.2463     24.580     0.037791
    2.0186   -59.4652   312.9847   -56.8086     26.503   277.4715   -64.2360     24.627     0.037732
    2.1164   -59.4594   312.9015   -56.8293     26.544   277.4248   -64.2257     24.673     0.037674
    2.2141   -59.4535   312.8182   -56.8499     26.585   277.3780   -64.2155     24.719     0.037615
    2.3117   -59.4476   312.7348   -56.8705     26.626   277.3309   -64.2052     24.765     0.037557
    2.4094   -59.4415   312.6513   -56.8910     26.667   277.2835   -64.1950     24.811     0.037499
    2.5070   -59.4354   312.5678   -56.9114     26.708   277.2360   -64.1847     24.858     0.037442
    2.6045   -59.4293   312.4841   -56.9318     26.749   277.1883   -64.1745     24.904     0.037384
    2.7021   -59.4230   312.4004   -56.9521     26.790   277.1404   -64.1643     24.950     0.037327
    2.7995   -59.4167   312.3165   -56.9724     26.831   277.0923   -64.1540     24.996     0.037270
    2.8970   -59.4103   312.2326   -56.9926     26.872   277.0439   -64.1438     25.042     0.037213
    2.9944   -59.4038   312.1486   -57.0128     26.913   276.9954   -64.1336     25.088     0.037156
    3.0918   -59.3973   312.0645   -57.0329     26.954   276.9467   -64.1234     25.134     0.037100
    3.1891   -59.3907   311.9803   -57.0529     26.995   276.8978   -64.1131     25.181     0.037043
  353.7308   -59.6901   319.6411   -54.8861     27.000   288.3421   -64.3716     24.496     0.037037
  353.8298   -59.6906   319.5657   -54.9111     27.000   288.2208   -64.3733     24.503     0.037037
  353.9289   -59.6909   319.4903   -54.9359     27.000   288.0994   -64.3750     24.511     0.037037
  354.0280   -59.6911   319.4147   -54.9608     27.000   287.9781   -64.3766     24.518     0.037037
  354.1271   -59.6913   319.3391   -54.9856     27.000   287.8568   -64.3781     24.525     0.037037
  354.2261   -59.6914   319.2633   -55.0103     27.000   287.7356   -64.3795     24.532     0.037037
  354.3252   -59.6415   319.2306   -55.0785     27.000   287.6204   -64.4355     24.541     0.037037
  354.4241   -59.6414   319.1546   -55.1032     27.000   287.4989   -64.4367     24.548     0.037037
  354.5231   -59.6413   319.0786   -55.1279     27.000   287.3775   -64.4378     24.555     0.037037
  354.6220   -59.6412   319.0024   -55.1524     27.000   287.2561   -64.4388     24.562     0.037037
  354.7209   -59.6409   318.9261   -55.1770     27.000   287.1348   -64.4397     24.569     0.037037
  354.8198   -59.6406   318.8498   -55.2015     27.000   287.0134   -64.4405     24.577     0.037037
  354.9188   -59.6401   318.7733   -55.2259     27.000   286.8921   -64.4412     24.584     0.037037
  355.0177   -59.6397   318.6968   -55.2503     27.000   286.7709   -64.4418     24.591     0.037037
  355.1166   -59.6391   318.6202   -55.2747     27.000   286.6496   -64.4423     24.598     0.037037
  355.2155   -59.6385   318.5434   -55.2990     27.000   286.5284   -64.4427     24.605     0.037037
  355.3144   -59.6378   318.4666   -55.3232     27.000   286.4073   -64.4430     24.612     0.037037
  355.4133   -59.6370   318.3897   -55.3475     27.000   286.2861   -64.4432     24.619     0.037037
  355.5122   -59.6361   318.3127   -55.3716     27.000   286.1650   -64.4433     24.627     0.037037
  355.6111   -59.6352   318.2356   -55.3957     27.000   286.0440   -64.4434     24.634     0.037037
  355.7100   -59.6342   318.1584   -55.4198     27.000   285.9229   -64.4433     24.641     0.037037
  355.8089   -59.6331   318.0811   -55.4438     27.000   285.8020   -64.4431     24.648     0.037037
  355.9078   -59.6319   318.0037   -55.4678     27.000   285.6810   -64.4429     24.655     0.037037
  356.0067   -59.6307   317.9262   -55.4917     27.000   285.5601   -64.4425     24.662     0.037037
  356.1055   -59.6294   317.8486   -55.5156     27.000   285.4392   -64.4421     24.669     0.037037
  356.2044   -59.6280   317.7710   -55.5394     27.000   285.3184   -64.4415     24.677     0.037037
  356.3032   -59.6266   317.6932   -55.5631     27.000   285.1976   -64.4409     24.684     0.037037
  356.4021   -59.6251   317.6153   -55.5869     27.000   285.0769   -64.4401     24.691     0.037037
  356.5009   -59.6235   317.5374   -55.6105     27.000   284.9562   -64.4393     24.698     0.037037
  356.5997   -59.6218   317.4593   -55.6342     27.000   284.8355   -64.4384     24.705     0.037037
  356.6985   -59.6200   317.3812   -55.6577     27.000   284.7149   -64.4373     24.712     0.037037
  356.7973   -59.6182   317.3030   -55.6813     27.000   284.5943   -64.4362     24.720     0.037037
  356.8961   -59.6163   317.2246   -55.7047     27.000   284.4738   -64.4350     24.727     0.037037
  356.9949   -59.6143   317.1462   -55.7282     27.000   284.3533   -64.4337     24.734     0.037037
  357.0936   -59.6123   317.0677   -55.7515     27.000   284.2329   -64.4323     24.741     0.037037
  357.1924   -59.6102   316.9891   -55.7748     27.000   284.1125   -64.4308     24.748     0.037037
  357.2911   -59.6080   316.9104   -55.7981     27.000   283.9922   -64.4292     24.755     0.037037
  357.3898   -59.6057   316.8316   -55.8213     27.000   283.8719   -64.4275     24.763     0.037037
  357.4886   -59.6033   316.7527   -55.8445     27.000   283.7517   -64.4258     24.770     0.037037
  357.5873   -59.6009   316.6737   -55.8676     27.000   283.6315   -64.4239     24.777     0.037037
  357.6859   -59.5984   316.5946   -55.8907     27.000   283.5114   -64.4219     24.784     0.037037
  357.7846   -59.5959   316.5155   -55.9137     27.000   283.3914   -64.4199     24.791     0.037037
  357.8833   -59.5932   316.4362   -55.9367     27.000   283.2713   -64.4177     24.798     0.037037
  357.9819   -59.5905   316.3568   -55.9596     27.000   283.1514   -64.4155     24.806     0.037037
  358.0805   -59.5877   316.2774   -55.9825     27.000   283.0315   -64.4131     24.813     0.037037
  358.1791   -59.5849   316.1978   -56.0053     27.000   282.9116   -64.4107     24.820     0.037037
  358.2777   -59.5819   316.1182   -56.0281     27.000   282.7918   -64.4082     24.827     0.037037
  358.3763   -59.5789   316.0385   -56.0508     27.000   282.6721   -64.4056     24.834     0.037037
  358.4748   -59.5758   315.9586   -56.0734     27.000   282.5524   -64.4028     24.841     0.037037
  358.5734   -59.5727   315.8787   -56.0961     27.000   282.4328   -64.4000     24.849     0.037037
  358.6719   -59.5694   315.7987   -56.1186     27.000   282.3133   -64.3971     24.856     0.037037
  358.7704   -59.5661   315.7186   -56.1411     27.000   282.1938   -64.3942     24.863     0.037037
  358.8689   -59.5627   315.6384   -56.1636     27.000   282.0744   -64.3911     24.870     0.037037
  358.9673   -59.5593   315.5581   -56.1860     27.000   281.9550   -64.3879     24.877     0.037037
  359.0658   -59.5557   315.4777   -56.2083     27.000   281.8357   -64.3846     24.884     0.037037
  359.1642   -59.5521   315.3972   -56.2306     27.000   281.7164   -64.3813     24.892     0.037037
  359.2626   -59.5485   315.3166   -56.2529     27.000   281.5973   -64.3778     24.899     0.037037
  359.3609   -59.5447   315.2359   -56.2751     27.000   281.4782   -64.3743     24.906     0.037037
  359.4593   -59.5409   315.1552   -56.2972     27.000   281.3591   -64.3707     24.913     0.037037
  359.5576   -59.5370   315.0743   -56.3193     27.000   281.2401   -64.3669     24.920     0.037037
  359.6559   -59.5330   314.9933   -56.3413     27.000   281.1212   -64.3631     24.928     0.037037
  359.7542   -59.5290   314.9123   -56.3633     27.000   281.0024   -64.3592     24.935     0.037037
  359.8525   -59.5248   314.8312   -56.3853     27.000   280.8836   -64.3552     24.942     0.037037
  359.9507   -59.5206   314.7499   -56.4071     27.000   280.7649   -64.3511     24.949     0.037037
    0.0489   -59.5164   314.6686   -56.4290     25.673   278.3407   -64.4971     23.700     0.038951
    0.1471   -59.5120   314.5872   -56.4507     25.715   278.2984   -64.4866     23.746     0.038888
    0.2452   -59.5076   314.5057   -56.4725     25.756   278.2558   -64.4762     23.793     0.038826
    0.3434   -59.5031   314.4240   -56.4941     25.797   278.2130   -64.4657     23.839     0.038764
    0.4415   -59.4986   314.3423   -56.5157     25.839   278.1699   -64.4553     23.885     0.038702
    0.5396   -59.4939   314.2605   -56.5373     25.880   278.1266   -64.4449     23.931     0.038640
    0.6376   -59.4892   314.1787   -56.5588     25.921   278.0831   -64.4345     23.977     0.038579
    0.7356   -59.4844   314.0967   -56.5802     25.962   278.0394   -64.4241     24.024     0.038517
    0.8336   -59.4796   314.0146   -56.6016     26.004   277.9954   -64.4137     24.070     0.038456
    0.9316   -59.4746   313.9324   -56.6230     26.045   277.9512   -64.4033     24.116     0.038395
    1.0295   -59.4696   313.8502   -56.6443     26.086   277.9067   -64.3930     24.162     0.038335
    1.1275   -59.4646   313.7678   -56.6655     26.127   277.8621   -64.3826     24.208     0.038274
    1.2253   -59.4594   313.6854   -56.6867     26.169   277.8172   -64.3723     24.255     0.038214
    1.3232   -59.4542   313.6029   -56.7078     26.210   277.7721   -64.3619     24.301     0.038154
    1.4210   -59.4489   313.5202   -56.7289     26.251   277.7268   -64.3516     24.347     0.038094
    1.5188   -59.4435   313.4375   -56.7499     26.292   277.6812   -64.3413     24.393     0.038034
    1.6166   -59.4381   313.3547   -56.7709     26.333   277.6354   -64.3310     24.439     0.037975
    1.7143   -59.4326   313.2718   -56.7918     26.374   277.5895   -64.3207     24.485     0.037916
    1.8120   -59.4270   313.1888   -56.8126     26.416   277.5433   -64.3104     24.532     0.037856
    1.9096   -59.4213   313.1057   -56.8334     26.457   277.4969   -64.3001     24.578     0.037798
    2.0073   -59.4156   313.0225   -56.8542     26.498   277.4502   -64.2898     24.624     0.037739
    2.1049   -59.4098   312.9392   -56.8748     26.539   277.4034   -64.2795     24.670     0.037681
    2.2024   -59.4039   312.8559   -56.8955     26.580   277.3564   -64.2692     24.716     0.037622
    2.2999   -59.3979   312.7724   -56.9161     26.621   277.3091   -64.2589     24.762     0.037564
    2.3974   -59.3919   312.6889   -56.9366     26.662   277.2617   -64.2487     24.808     0.037506
    2.4949   -59.3858   312.6052   -56.9570     26.703   277.2140   -64.2384     24.854     0.037449
    2.5923   -59.3796   312.5215   -56.9774     26.744   277.1661   -64.2281     24.901     0.037391
    2.6897   -59.3734   312.4376   -56.9978     26.785   277.1181   -64.2179     24.947     0.037334
    2.7871   -59.3671   312.3537   -57.0181     26.826   277.0698   -64.2076     24.993     0.037277
    2.8844   -59.3607   312.2697   -57.0383     26.867   277.0213   -64.1974     25.039     0.037220
    2.9817   -59.3542   312.1856   -57.0585     26.908   276.9727   -64.1871     25.085     0.037164
    3.0789   -59.3477   312.1014   -57.0786     26.949   276.9238   -64.1769     25.131     0.037107
    3.1761   -59.3411   312.0171   -57.0987     26.990   276.8747   -64.1667     25.177     0.037051
  353.7316   -59.6401   319.6845   -54.9294     27.000   288.3495   -64.4264     24.498     0.037037
  353.8306   -59.6406   319.6091   -54.9544     27.000   288.2280   -64.4282     24.505     0.037037
  353.9295   -59.6409   319.5336   -54.9793     27.000   288.1064   -64.4299     24.512     0.037037
  354.0284   -59.6412   319.4580   -55.0042     27.000   287.9848   -64.4314     24.519     0.037037
  354.1273   -59.6413   319.3823   -55.0290     27.000   287.8633   -64.4329     24.527     0.037037
  354.2263   -59.6414   319.3065   -55.0538     27.000   287.7418   -64.4343     24.534     0.037037
