#   RA_deg    DEC_deg      l_deg      b_deg   Rhel_kpc    phi_deg  theta_deg   Rgal_kpc
  230.0209    -1.9822   359.8048    43.8735      3.500   180.0824    22.0914      6.450
  230.0589    -1.9497   359.8735    43.8667      3.501   180.0534    22.0932      6.450
  230.0970    -1.9172   359.9422    43.8600      3.501   180.0244    22.0949      6.449
  230.1350    -1.8847     0.0109    43.8531      3.501   179.9954    22.0966      6.449
  230.1730    -1.8523     0.0796    43.8463      3.502   179.9664    22.0982      6.448
  230.2111    -1.8198     0.1483    43.8394      3.502   179.9373    22.0999      6.448
  230.2491    -1.7873     0.2169    43.8324      3.503   179.9083    22.1015      6.447
  230.2871    -1.7548     0.2855    43.8255      3.503   179.8792    22.1031      6.447
  230.3252    -1.7223     0.3542    43.8184      3.503   179.8501    22.1046      6.446
  230.3632    -1.6898     0.4227    43.8114      3.504   179.8210    22.1061      6.446
  230.4012    -1.6574     0.4913    43.8043      3.504   179.7919    22.1076      6.445
  230.4392    -1.6249     0.5599    43.7971      3.505   179.7628    22.1091      6.444
  230.4773    -1.5924     0.6284    43.7899      3.505   179.7337    22.1106      6.444
  230.5153    -1.5599     0.6970    43.7827      3.505   179.7045    22.1120      6.443
  230.5533    -1.5274     0.7655    43.7754      3.506   179.6754    22.1134      6.443
  230.5913    -1.4949     0.8340    43.7681      3.506   179.6462    22.1147      6.442
  230.6293    -1.4624     0.9025    43.7608      3.507   179.6170    22.1161      6.442
  230.6674    -1.4299     0.9709    43.7534      3.507   179.5879    22.1174      6.441
  230.7054    -1.3975     1.0394    43.7459      3.507   179.5587    22.1187      6.441
  230.7434    -1.3650     1.1078    43.7385      3.508   179.5295    22.1199      6.440
  230.7814    -1.3325     1.1762    43.7310      3.508   179.5002    22.1212      6.440
  230.8194    -1.3000     1.2446    43.7234      3.508   179.4710    22.1224      6.439
  230.8574    -1.2675     1.3130    43.7158      3.509   179.4418    22.1235      6.439
  230.8954    -1.2350     1.3814    43.7082      3.509   179.4125    22.1247      6.438
  230.9335    -1.2025     1.4497    43.7005      3.510   179.3833    22.1258      6.438
  230.9715    -1.1700     1.5180    43.6928      3.510   179.3540    22.1269      6.437
  231.0095    -1.1375     1.5863    43.6850      3.510   179.3247    22.1280      6.437
  231.0475    -1.1050     1.6546    43.6772      3.511   179.2954    22.1290      6.436
  231.0855    -1.0725     1.7229    43.6694      3.511   179.2661    22.1300      6.436
  231.1235    -1.0400     1.7912    43.6615      3.512   179.2368    22.1310      6.435
  231.1615    -1.0075     1.8594    43.6536      3.512   179.2075    22.1319      6.435
  231.1995    -0.9750     1.9276    43.6456      3.512   179.1781    22.1329      6.435
  231.2375    -0.9425     1.9958    43.6376      3.513   179.1488    22.1338      6.434
  231.2755    -0.9100     2.0640    43.6296      3.513   179.1194    22.1347      6.434
  231.3135    -0.8775     2.1322    43.6215      3.514   179.0901    22.1355      6.433
  231.3515    -0.8450     2.2003    43.6133      3.514   179.0607    22.1363      6.433
  231.3895    -0.8125     2.2684    43.6052      3.514   179.0313    22.1371      6.432
  231.4275    -0.7801     2.3365    43.5970      3.515   179.0019    22.1379      6.432
  231.4655    -0.7476     2.4046    43.5887      3.515   178.9725    22.1386      6.431
  231.5035    -0.7151     2.4727    43.5804      3.516   178.9431    22.1393      6.431
  231.5415    -0.6826     2.5408    43.5721      3.516   178.9137    22.1400      6.430
  231.5795    -0.6501     2.6088    43.5637      3.516   178.8842    22.1407      6.430
  231.6175    -0.6175     2.6768    43.5553      3.517   178.8548    22.1413      6.429
  231.6555    -0.5850     2.7448    43.5469      3.517   178.8253    22.1419      6.429
  231.6935    -0.5525     2.8128    43.5384      3.518   178.7959    22.1425      6.429
  231.7315    -0.5200     2.8807    43.5299      3.518   178.7664    22.1430      6.428
  231.7695    -0.4875     2.9487    43.5213      3.518   178.7369    22.1435      6.428
  231.8075    -0.4550     3.0166    43.5127      3.519   178.7074    22.1440      6.427
  231.8455    -0.4225     3.0845    43.5040      3.519   178.6779    22.1445      6.427
  231.8835    -0.3900     3.1524    43.4954      3.519   178.6484    22.1449      6.426
  231.9215    -0.3575     3.2202    43.4866      3.520   178.6189    22.1453      6.426
  231.9595    -0.3250     3.2881    43.4779      3.520   178.5894    22.1457      6.426
  231.9975    -0.2925     3.3559    43.4690      3.521   178.5598    22.1460      6.425
  232.0355    -0.2600     3.4237    43.4602      3.521   178.5303    22.1464      6.425
  232.0735    -0.2275     3.4915    43.4513      3.521   178.5007    22.1467      6.424
  232.1115    -0.1950     3.5593    43.4424      3.522   178.4712    22.1469      6.424
  232.1495    -0.1625     3.6270    43.4334      3.522   178.4416    22.1472      6.424
  232.1875    -0.1300     3.6947    43.4244      3.523   178.4120    22.1474      6.423
  232.2254    -0.0975     3.7624    43.4153      3.523   178.3824    22.1476      6.423
  232.2634    -0.0650     3.8301    43.4063      3.523   178.3528    22.1477      6.422
  232.3014    -0.0325     3.8978    43.3971      3.524   178.3232    22.1478      6.422
  232.3394    -0.0000     3.9654    43.3880      3.524   178.2936    22.1479      6.421
  232.3774     0.0325     4.0330    43.3787      3.525   178.2640    22.1480      6.421
  232.4154     0.0650     4.1006    43.3695      3.525   178.2343    22.1481      6.421
  232.4534     0.0975     4.1682    43.3602      3.525   178.2047    22.1481      6.420
  232.4914     0.1300     4.2358    43.3509      3.526   178.1750    22.1481      6.420
  232.5294     0.1625     4.3033    43.3415      3.526   178.1454    22.1480      6.420
  232.5674     0.1950     4.3708    43.3321      3.527   178.1157    22.1480      6.419
  232.6054     0.2275     4.4383    43.3227      3.527   178.0860    22.1479      6.419
  232.6434     0.2600     4.5058    43.3132      3.527   178.0563    22.1478      6.418
  232.6814     0.2925     4.5732    43.3036      3.528   178.0267    22.1476      6.418
  232.7194     0.3250     4.6407    43.2941      3.528   177.9970    22.1474      6.418
  232.7574     0.3575     4.7081    43.2845      3.529   177.9673    22.1472      6.417
  232.7954     0.3900     4.7755    43.2748      3.529   177.9375    22.1470      6.417
  232.8334     0.4225     4.8428    43.2651      3.529   177.9078    22.1467      6.417
  232.8714     0.4550     4.9102    43.2554      3.530   177.8781    22.1464      6.416
  232.9093     0.4875     4.9775    43.2456      3.530   177.8484    22.1461      6.416
  232.9473     0.5200     5.0448    43.2358      3.530   177.8186    22.1458      6.415
  232.9853     0.5525     5.1121    43.2260      3.531   177.7889    22.1454      6.415
  233.0233     0.5850     5.1794    43.2161      3.531   177.7591    22.1450      6.415
  233.0613     0.6175     5.2466    43.2062      3.532   177.7293    22.1446      6.414
  233.0993     0.6501     5.3138    43.1962      3.532   177.6996    22.1441      6.414
  233.1373     0.6826     5.3810    43.1862      3.532   177.6698    22.1436      6.414
  233.1753     0.7151     5.4482    43.1762      3.533   177.6400    22.1431      6.413
  233.2133     0.7476     5.5153    43.1661      3.533   177.6102    22.1426      6.413
  233.2513     0.7801     5.5825    43.1560      3.534   177.5804    22.1420      6.413
  233.2893     0.8125     5.6496    43.1458      3.534   177.5506    22.1414      6.412
  233.3273     0.8450     5.7166    43.1356      3.534   177.5208    22.1408      6.412
  233.3653     0.8775     5.7837    43.1254      3.535   177.4910    22.1401      6.412
  233.4033     0.9100     5.8507    43.1151      3.535   177.4611    22.1395      6.411
  233.4413     0.9425     5.9178    43.1048      3.536   177.4313    22.1388      6.411
  233.4794     0.9750     5.9848    43.0945      3.536   177.4015    22.1380      6.411
  233.5174     1.0075     6.0517    43.0841      3.536   177.3716    22.1372      6.410
  233.5554     1.0400     6.1187    43.0736      3.537   177.3418    22.1365      6.410
  233.5934     1.0725     6.1856    43.0632      3.537   177.3119    22.1356      6.410
  233.6314     1.1050     6.2525    43.0526      3.538   177.2820    22.1348      6.409
  233.6694     1.1375     6.3194    43.0421      3.538   177.2522    22.1339      6.409
  233.7074     1.1700     6.3862    43.0315      3.538   177.2223    22.1330      6.409
  233.7454     1.2025     6.4531    43.0209      3.539   177.1924    22.1321      6.409
  233.7834     1.2350     6.5199    43.0102      3.539   177.1625    22.1311      6.408
  233.8214     1.2675     6.5867    42.9995      3.540   177.1326    22.1301      6.408
  233.8594     1.3000     6.6534    42.9888      3.540   177.1027    22.1291      6.408
  233.8975     1.3325     6.7202    42.9780      3.540   177.0728    22.1281      6.407
  233.9355     1.3650     6.7869    42.9672      3.541   177.0429    22.1270      6.407
  233.9735     1.3975     6.8536    42.9563      3.541   177.0130    22.1259      6.407
  234.0115     1.4299     6.9202    42.9454      3.541   176.9831    22.1247      6.406
  234.0495     1.4624     6.9869    42.9345      3.542   176.9531    22.1236      6.406
  234.0875     1.4949     7.0535    42.9235      3.542   176.9232    22.1224      6.406
  234.1256     1.5274     7.1201    42.9125      3.543   176.8933    22.1212      6.406
  234.1636     1.5599     7.1867    42.9014      3.543   176.8633    22.1199      6.405
  234.2016     1.5924     7.2532    42.8903      3.543   176.8334    22.1187      6.405
  234.2396     1.6249     7.3198    42.8792      3.544   176.8034    22.1174      6.405
  234.2777     1.6574     7.3863    42.8680      3.544   176.7735    22.1160      6.405
  234.3157     1.6898     7.4527    42.8568      3.545   176.7435    22.1147      6.404
  234.3537     1.7223     7.5192    42.8456      3.545   176.7135    22.1133      6.404
  234.3917     1.7548     7.5856    42.8343      3.545   176.6836    22.1119      6.404
  234.4298     1.7873     7.6520    42.8230      3.546   176.6536    22.1104      6.403
  234.4678     1.8198     7.7184    42.8116      3.546   176.6236    22.1090      6.403
  234.5058     1.8523     7.7848    42.8002      3.547   176.5936    22.1075      6.403
  234.5439     1.8847     7.8511    42.7888      3.547   176.5636    22.1059      6.403
  234.5819     1.9172     7.9174    42.7773      3.547   176.5336    22.1044      6.402
  234.6199     1.9497     7.9837    42.7658      3.548   176.5036    22.1028      6.402
  234.6580     1.9822     8.0500    42.7542      3.548   176.4736    22.1012      6.402
  234.6960     2.0146     8.1162    42.7427      3.549   176.4436    22.0996      6.402
  234.7341     2.0471     8.1824    42.7310      3.549   176.4136    22.0979      6.402
  234.7721     2.0796     8.2486    42.7194      3.549   176.3836    22.0962      6.401
  234.8101     2.1121     8.3147    42.7077      3.550   176.3535    22.0945      6.401
  234.8482     2.1445     8.3809    42.6959      3.550   176.3235    22.0927      6.401
  234.8862     2.1770     8.4470    42.6841      3.551   176.2935    22.0909      6.401
  234.9243     2.2095     8.5131    42.6723      3.551   176.2634    22.0891      6.400
  234.9623     2.2420     8.5791    42.6605      3.551   176.2334    22.0873      6.400
  235.0004     2.2744     8.6452    42.6486      3.552   176.2034    22.0854      6.400
  235.0384     2.3069     8.7112    42.6366      3.552   176.1733    22.0835      6.400
  235.0765     2.3394     8.7771    42.6247      3.553   176.1433    22.0816      6.399
  235.1146     2.3718     8.8431    42.6127      3.553   176.1132    22.0797      6.399
  235.1526     2.4043     8.9090    42.6006      3.553   176.0832    22.0777      6.399
  235.1907     2.4368     8.9749    42.5885      3.554   176.0531    22.0757      6.399
  235.2287     2.4692     9.0408    42.5764      3.554   176.0230    22.0736      6.399
  235.2668     2.5017     9.1067    42.5642      3.554   175.9930    22.0716      6.398
  235.3049     2.5341     9.1725    42.5520      3.555   175.9629    22.0695      6.398
  235.3429     2.5666     9.2383    42.5398      3.555   175.9328    22.0673      6.398
  235.3810     2.5991     9.3041    42.5275      3.556   175.9027    22.0652      6.398
  235.4191     2.6315     9.3698    42.5152      3.556   175.8727    22.0630      6.398
  235.4572     2.6640     9.4356    42.5029      3.556   175.8426    22.0608      6.397
  235.4952     2.6964     9.5013    42.4905      3.557   175.8125    22.0586      6.397
  235.5333     2.7289     9.5669    42.4781      3.557   175.7824    22.0563      6.397
  235.5714     2.7613     9.6326    42.4656      3.558   175.7523    22.0540      6.397
  235.6095     2.7938     9.6982    42.4531      3.558   175.7222    22.0517      6.397
  235.6476     2.8262     9.7638    42.4406      3.558   175.6921    22.0494      6.397
  235.6857     2.8587     9.8294    42.4280      3.559   175.6620    22.0470      6.396
  235.7237     2.8911     9.8949    42.4154      3.559   175.6319    22.0446      6.396
  235.7618     2.9236     9.9604    42.4028      3.560   175.6018    22.0421      6.396
  235.7999     2.9560    10.0259    42.3901      3.560   175.5717    22.0397      6.396
  235.8380     2.9885    10.0914    42.3774      3.560   175.5416    22.0372      6.396
  235.8761     3.0209    10.1568    42.3646      3.561   175.5115    22.0347      6.396
  235.9142     3.0533    10.2222    42.3518      3.561   175.4814    22.0321      6.395
  235.9523     3.0858    10.2876    42.3390      3.562   175.4513    22.0295      6.395
  235.9904     3.1182    10.3530    42.3261      3.562   175.4212    22.0269      6.395
  236.0285     3.1507    10.4183    42.3132      3.562   175.3911    22.0243      6.395
  236.0667     3.1831    10.4836    42.3002      3.563   175.3609    22.0217      6.395
  236.1048     3.2155    10.5489    42.2873      3.563   175.3308    22.0190      6.395
  236.1429     3.2480    10.6141    42.2742      3.564   175.3007    22.0162      6.395
  236.1810     3.2804    10.6794    42.2612      3.564   175.2706    22.0135      6.394
  236.2191     3.3128    10.7446    42.2481      3.564   175.2404    22.0107      6.394
  236.2572     3.3453    10.8097    42.2350      3.565   175.2103    22.0079      6.394
  236.2954     3.3777    10.8749    42.2218      3.565   175.1802    22.0051      6.394
  236.3335     3.4101    10.9400    42.2086      3.566   175.1501    22.0022      6.394
  236.3716     3.4425    11.0051    42.1954      3.566   175.1199    21.9993      6.394
  236.4098     3.4749    11.0701    42.1821      3.566   175.0898    21.9964      6.394
  236.4479     3.5074    11.1352    42.1688      3.567   175.0597    21.9935      6.394
  236.4860     3.5398    11.2002    42.1554      3.567   175.0295    21.9905      6.393
  236.5242     3.5722    11.2652    42.1420      3.567   174.9994    21.9875      6.393
  236.5623     3.6046    11.3301    42.1286      3.568   174.9693    21.9845      6.393
  236.6005     3.6370    11.3950    42.1152      3.568   174.9391    21.9814      6.393
  236.6386     3.6694    11.4599    42.1017      3.569   174.9090    21.9783      6.393
  236.6768     3.7019    11.5248    42.0881      3.569   174.8789    21.9752      6.393
  236.7149     3.7343    11.5896    42.0746      3.569   174.8487    21.9721      6.393
  236.7531     3.7667    11.6544    42.0609      3.570   174.8186    21.9689      6.393
  236.7912     3.7991    11.7192    42.0473      3.570   174.7884    21.9657      6.393
  236.8294     3.8315    11.7840    42.0336      3.571   174.7583    21.9625      6.392
  236.8676     3.8639    11.8487    42.0199      3.571   174.7282    21.9592      6.392
  236.9057     3.8963    11.9134    42.0062      3.571   174.6980    21.9559      6.392
  236.9439     3.9287    11.9781    41.9924      3.572   174.6679    21.9526      6.392
  236.9821     3.9611    12.0427    41.9785      3.572   174.6377    21.9493      6.392
  237.0202     3.9935    12.1073    41.9647      3.573   174.6076    21.9459      6.392
  237.0584     4.0259    12.1719    41.9508      3.573   174.5775    21.9425      6.392
  237.0966     4.0583    12.2365    41.9369      3.573   174.5473    21.9391      6.392
  237.1348     4.0907    12.3010    41.9229      3.574   174.5172    21.9356      6.392
  237.1730     4.1231    12.3655    41.9089      3.574   174.4870    21.9322      6.392
  237.2112     4.1554    12.4300    41.8948      3.575   174.4569    21.9286      6.392
  237.2494     4.1878    12.4944    41.8808      3.575   174.4268    21.9251      6.392
  237.2876     4.2202    12.5589    41.8667      3.575   174.3966    21.9215      6.392
  237.3258     4.2526    12.6232    41.8525      3.576   174.3665    21.9179      6.392
  237.3640     4.2850    12.6876    41.8383      3.576   174.3363    21.9143      6.391
  237.4022     4.3173    12.7519    41.8241      3.577   174.3062    21.9107      6.391
  237.4404     4.3497    12.8162    41.8098      3.577   174.2761    21.9070      6.391
  237.4786     4.3821    12.8805    41.7956      3.577   174.2459    21.9033      6.391
  237.5168     4.4145    12.9448    41.7812      3.578   174.2158    21.8995      6.391
  237.5551     4.4468    13.0090    41.7669      3.578   174.1857    21.8958      6.391
  237.5933     4.4792    13.0732    41.7525      3.579   174.1555    21.8920      6.391
  237.6315     4.5116    13.1373    41.7380      3.579   174.1254    21.8881      6.391
  237.6697     4.5439    13.2015    41.7236      3.579   174.0953    21.8843      6.391
  237.7080     4.5763    13.2656    41.7090      3.580   174.0651    21.8804      6.391
  237.7462     4.6087    13.3296    41.6945      3.580   174.0350    21.8765      6.391
  237.7845     4.6410    13.3937    41.6799      3.581   174.0049    21.8726      6.391
  237.8227     4.6734    13.4577    41.6653      3.581   173.9748    21.8686      6.391
  237.8610     4.7057    13.5217    41.6507      3.581   173.9446    21.8646      6.391
  237.8992     4.7381    13.5856    41.6360      3.582   173.9145    21.8606      6.391
  237.9375     4.7704    13.6496    41.6213      3.582   173.8844    21.8565      6.391
  237.9757     4.8028    13.7135    41.6065      3.583   173.8543    21.8525      6.391
  238.0140     4.8351    13.7773    41.5917      3.583   173.8242    21.8484      6.391
  238.0523     4.8675    13.8412    41.5769      3.583   173.7941    21.8442      6.391
  238.0905     4.8998    13.9050    41.5620      3.584   173.7639    21.8401      6.391
  238.1288     4.9321    13.9688    41.5471      3.584   173.7338    21.8359      6.391
  238.1671     4.9645    14.0325    41.5322      3.584   173.7037    21.8316      6.391
  238.2054     4.9968    14.0963    41.5172      3.585   173.6736    21.8274      6.391
  238.2437     5.0291    14.1599    41.5022      3.585   173.6435    21.8231      6.391
  238.2819     5.0615    14.2236    41.4872      3.586   173.6134    21.8188      6.391
  238.3202     5.0938    14.2872    41.4721      3.586   173.5833    21.8145      6.391
  238.3585     5.1261    14.3508    41.4570      3.586   173.5532    21.8101      6.391
  238.3968     5.1584    14.4144    41.4419      3.587   173.5231    21.8057      6.391
  238.4351     5.1908    14.4780    41.4267      3.587   173.4930    21.8013      6.391
  238.4734     5.2231    14.5415    41.4115      3.588   173.4629    21.7969      6.391
  238.5118     5.2554    14.6050    41.3962      3.588   173.4328    21.7924      6.391
  238.5501     5.2877    14.6684    41.3809      3.588   173.4028    21.7879      6.391
  238.5884     5.3200    14.7318    41.3656      3.589   173.3727    21.7834      6.391
  238.6267     5.3523    14.7952    41.3503      3.589   173.3426    21.7788      6.391
  238.6651     5.3846    14.8586    41.3349      3.590   173.3125    21.7742      6.391
  238.7034     5.4169    14.9219    41.3195      3.590   173.2824    21.7696      6.391
  238.7417     5.4493    14.9853    41.3040      3.590   173.2524    21.7650      6.391
  238.7801     5.4816    15.0485    41.2885      3.591   173.2223    21.7603      6.391
  238.8184     5.5138    15.1118    41.2730      3.591   173.1922    21.7556      6.391
  238.8568     5.5461    15.1750    41.2574      3.592   173.1622    21.7509      6.391
  238.8951     5.5784    15.2382    41.2418      3.592   173.1321    21.7461      6.391
  238.9335     5.6107    15.3013    41.2262      3.592   173.1021    21.7413      6.392
  238.9718     5.6430    15.3645    41.2105      3.593   173.0720    21.7365      6.392
  239.0102     5.6753    15.4276    41.1948      3.593   173.0420    21.7317      6.392
  239.0486     5.7076    15.4906    41.1791      3.594   173.0119    21.7268      6.392
  239.0870     5.7399    15.5537    41.1633      3.594   172.9819    21.7219      6.392
  239.1253     5.7721    15.6167    41.1475      3.594   172.9519    21.7170      6.392
  239.1637     5.8044    15.6796    41.1317      3.595   172.9218    21.7121      6.392
  239.2021     5.8367    15.7426    41.1158      3.595   172.8918    21.7071      6.392
  239.2405     5.8690    15.8055    41.0999      3.596   172.8618    21.7021      6.392
  239.2789     5.9012    15.8684    41.0840      3.596   172.8318    21.6970      6.392
  239.3173     5.9335    15.9312    41.0680      3.596   172.8018    21.6920      6.392
  239.3557     5.9657    15.9940    41.0520      3.597   172.7717    21.6869      6.392
  239.3941     5.9980    16.0568    41.0360      3.597   172.7417    21.6818      6.392
  239.4325     6.0303    16.1196    41.0199      3.598   172.7117    21.6766      6.392
  239.4709     6.0625    16.1823    41.0038      3.598   172.6817    21.6714      6.393
  239.5094     6.0948    16.2450    40.9877      3.598   172.6517    21.6662      6.393
  239.5478     6.1270    16.3077    40.9715      3.599   172.6218    21.6610      6.393
  239.5862     6.1593    16.3703    40.9553      3.599   172.5918    21.6558      6.393
  239.6247     6.1915    16.4329    40.9390      3.600   172.5618    21.6505      6.393
  239.6631     6.2237    16.4955    40.9227      3.600   172.5318    21.6452      6.393
  239.7016     6.2560    16.5581    40.9064      3.600   172.5018    21.6398      6.393
  239.7400     6.2882    16.6206    40.8901      3.601   172.4719    21.6344      6.393
  239.7785     6.3204    16.6831    40.8737      3.601   172.4419    21.6290      6.393
  239.8169     6.3527    16.7455    40.8573      3.602   172.4120    21.6236      6.394
  239.8554     6.3849    16.8079    40.8408      3.602   172.3820    21.6182      6.394
  239.8939     6.4171    16.8703    40.8244      3.602   172.3521    21.6127      6.394
  239.9324     6.4493    16.9327    40.8078      3.603   172.3221    21.6072      6.394
  239.9708     6.4816    16.9950    40.7913      3.603   172.2922    21.6016      6.394
  240.0093     6.5138    17.0573    40.7747      3.604   172.2623    21.5961      6.394
  240.0478     6.5460    17.1196    40.7581      3.604   172.2323    21.5905      6.394
  240.0863     6.5782    17.1818    40.7415      3.604   172.2024    21.5849      6.394
  240.1248     6.6104    17.2440    40.7248      3.605   172.1725    21.5792      6.395
  240.1633     6.6426    17.3062    40.7081      3.605   172.1426    21.5735      6.395
  240.2018     6.6748    17.3683    40.6913      3.606   172.1127    21.5678      6.395
  240.2403     6.7070    17.4304    40.6745      3.606   172.0828    21.5621      6.395
  240.2789     6.7392    17.4925    40.6577      3.606   172.0529    21.5563      6.395
  240.3174     6.7714    17.5546    40.6409      3.607   172.0230    21.5506      6.395
  240.3559     6.8036    17.6166    40.6240      3.607   171.9932    21.5447      6.395
  240.3945     6.8357    17.6786    40.6071      3.608   171.9633    21.5389      6.396
  240.4330     6.8679    17.7405    40.5901      3.608   171.9334    21.5330      6.396
  240.4716     6.9001    17.8024    40.5731      3.608   171.9036    21.5271      6.396
  240.5101     6.9323    17.8643    40.5561      3.609   171.8737    21.5212      6.396
  240.5487     6.9645    17.9262    40.5391      3.609   171.8439    21.5152      6.396
  240.5872     6.9966    17.9880    40.5220      3.610   171.8140    21.5093      6.396
  240.6258     7.0288    18.0498    40.5049      3.610   171.7842    21.5033      6.397
  240.6644     7.0609    18.1116    40.4877      3.610   171.7544    21.4972      6.397
  240.7030     7.0931    18.1733    40.4706      3.611   171.7245    21.4912      6.397
  240.7415     7.1253    18.2350    40.4534      3.611   171.6947    21.4851      6.397
  240.7801     7.1574    18.2967    40.4361      3.612   171.6649    21.4790      6.397
  240.8187     7.1896    18.3583    40.4188      3.612   171.6351    21.4728      6.397
  240.8573     7.2217    18.4199    40.4015      3.612   171.6053    21.4666      6.398
  240.8959     7.2539    18.4815    40.3842      3.613   171.5755    21.4604      6.398
  240.9345     7.2860    18.5430    40.3668      3.613   171.5458    21.4542      6.398
  240.9732     7.3181    18.6045    40.3494      3.614   171.5160    21.4479      6.398
  241.0118     7.3503    18.6660    40.3320      3.614   171.4862    21.4417      6.398
  241.0504     7.3824    18.7275    40.3145      3.614   171.4565    21.4354      6.399
  241.0890     7.4145    18.7889    40.2970      3.615   171.4267    21.4290      6.399
  241.1277     7.4466    18.8503    40.2794      3.615   171.3970    21.4226      6.399
  241.1663     7.4788    18.9116    40.2619      3.616   171.3672    21.4163      6.399
  241.2050     7.5109    18.9729    40.2443      3.616   171.3375    21.4098      6.400
  241.2436     7.5430    19.0342    40.2266      3.616   171.3078    21.4034      6.400
  241.2823     7.5751    19.0955    40.2090      3.617   171.2781    21.3969      6.400
  241.3210     7.6072    19.1567    40.1913      3.617   171.2484    21.3904      6.400
  241.3596     7.6393    19.2179    40.1735      3.618   171.2187    21.3839      6.400
  241.3983     7.6714    19.2791    40.1558      3.618   171.1890    21.3773      6.401
  241.4370     7.7035    19.3402    40.1380      3.618   171.1593    21.3707      6.401
  241.4757     7.7356    19.4013    40.1202      3.619   171.1296    21.3641      6.401
  241.5144     7.7677    19.4623    40.1023      3.619   171.1000    21.3575      6.401
  241.5531     7.7998    19.5234    40.0844      3.620   171.0703    21.3508      6.402
  241.5918     7.8319    19.5844    40.0665      3.620   171.0406    21.3441      6.402
  241.6305     7.8639    19.6453    40.0485      3.620   171.0110    21.3374      6.402
  241.6693     7.8960    19.7063    40.0305      3.621   170.9814    21.3307      6.402
  241.7080     7.9281    19.7672    40.0125      3.621   170.9517    21.3239      6.403
  241.7467     7.9602    19.8281    39.9945      3.622   170.9221    21.3171      6.403
  241.7855     7.9922    19.8889    39.9764      3.622   170.8925    21.3103      6.403
  241.8242     8.0243    19.9497    39.9583      3.622   170.8629    21.3034      6.403
  241.8630     8.0563    20.0105    39.9401      3.623   170.8333    21.2965      6.404
  241.9017     8.0884    20.0712    39.9219      3.623   170.8037    21.2896      6.404
  241.9405     8.1204    20.1319    39.9037      3.624   170.7742    21.2827      6.404
  241.9792     8.1525    20.1926    39.8855      3.624   170.7446    21.2757      6.404
  242.0180     8.1845    20.2532    39.8672      3.624   170.7150    21.2687      6.405
  242.0568     8.2166    20.3139    39.8489      3.625   170.6855    21.2617      6.405
  242.0956     8.2486    20.3744    39.8306      3.625   170.6560    21.2546      6.405
  242.1344     8.2806    20.4350    39.8122      3.626   170.6264    21.2476      6.405
  242.1732     8.3127    20.4955    39.7938      3.626   170.5969    21.2405      6.406
  242.2120     8.3447    20.5560    39.7754      3.626   170.5674    21.2333      6.406
  242.2508     8.3767    20.6164    39.7569      3.627   170.5379    21.2262      6.406
  242.2896     8.4087    20.6769    39.7384      3.627   170.5084    21.2190      6.407
  242.3285     8.4407    20.7372    39.7199      3.628   170.4789    21.2118      6.407
  242.3673     8.4728    20.7976    39.7013      3.628   170.4494    21.2046      6.407
  242.4061     8.5048    20.8579    39.6827      3.628   170.4200    21.1973      6.407
  242.4450     8.5368    20.9182    39.6641      3.629   170.3905    21.1900      6.408
  242.4838     8.5688    20.9785    39.6455      3.629   170.3611    21.1827      6.408
  242.5227     8.6007    21.0387    39.6268      3.630   170.3316    21.1754      6.408
  242.5616     8.6327    21.0989    39.6081      3.630   170.3022    21.1680      6.409
  242.6004     8.6647    21.1590    39.5893      3.630   170.2728    21.1606      6.409
  242.6393     8.6967    21.2192    39.5706      3.631   170.2434    21.1532      6.409
  242.6782     8.7287    21.2793    39.5518      3.631   170.2140    21.1457      6.410
  242.7171     8.7607    21.3393    39.5329      3.632   170.1846    21.1383      6.410
  242.7560     8.7926    21.3993    39.5141      3.632   170.1552    21.1308      6.410
  242.7949     8.8246    21.4593    39.4952      3.632   170.1259    21.1232      6.411
  242.8338     8.8566    21.5193    39.4762      3.633   170.0965    21.1157      6.411
  242.8727     8.8885    21.5792    39.4573      3.633   170.0671    21.1081      6.411
  242.9117     8.9205    21.6391    39.4383      3.634   170.0378    21.1005      6.412
  242.9506     8.9524    21.6990    39.4193      3.634   170.0085    21.0928      6.412
  242.9895     8.9844    21.7588    39.4002      3.634   169.9792    21.0852      6.412
  243.0285     9.0163    21.8186    39.3811      3.635   169.9499    21.0775      6.413
  243.0674     9.0482    21.8784    39.3620      3.635   169.9206    21.0698      6.413
  243.1064     9.0802    21.9381    39.3429      3.636   169.8913    21.0620      6.413
  243.1454     9.1121    21.9978    39.3237      3.636   169.8620    21.0543      6.414
  243.1843     9.1440    22.0575    39.3045      3.636   169.8328    21.0465      6.414
  243.2233     9.1759    22.1171    39.2853      3.637   169.8035    21.0387      6.414
  243.2623     9.2079    22.1767    39.2660      3.637   169.7743    21.0308      6.415
  243.3013     9.2398    22.2363    39.2467      3.638   169.7450    21.0229      6.415
  243.3403     9.2717    22.2958    39.2274      3.638   169.7158    21.0150      6.415
  243.3793     9.3036    22.3554    39.2080      3.638   169.6866    21.0071      6.416
  243.4183     9.3355    22.4148    39.1886      3.639   169.6574    20.9992      6.416
  243.4573     9.3674    22.4743    39.1692      3.639   169.6282    20.9912      6.417
  243.4964     9.3993    22.5337    39.1498      3.640   169.5991    20.9832      6.417
  243.5354     9.4312    22.5930    39.1303      3.640   169.5699    20.9751      6.417
  243.5745     9.4630    22.6524    39.1108      3.640   169.5407    20.9671      6.418
  243.6135     9.4949    22.7117    39.0912      3.641   169.5116    20.9590      6.418
  243.6526     9.5268    22.7710    39.0717      3.641   169.4825    20.9509      6.418
  243.6916     9.5587    22.8302    39.0521      3.642   169.4534    20.9428      6.419
  243.7307     9.5905    22.8894    39.0324      3.642   169.4242    20.9346      6.419
  243.7698     9.6224    22.9486    39.0128      3.642   169.3952    20.9264      6.420
  243.8089     9.6542    23.0077    38.9931      3.643   169.3661    20.9182      6.420
  243.8480     9.6861    23.0669    38.9734      3.643   169.3370    20.9099      6.420
  243.8871     9.7179    23.1259    38.9536      3.644   169.3079    20.9017      6.421
  243.9262     9.7498    23.1850    38.9339      3.644   169.2789    20.8934      6.421
  243.9653     9.7816    23.2440    38.9141      3.644   169.2499    20.8851      6.422
  244.0045     9.8135    23.3030    38.8942      3.645   169.2208    20.8767      6.422
  244.0436     9.8453    23.3619    38.8744      3.645   169.1918    20.8684      6.422
  244.0827     9.8771    23.4208    38.8545      3.646   169.1628    20.8600      6.423
  244.1219     9.9089    23.4797    38.8345      3.646   169.1339    20.8515      6.423
  244.1610     9.9408    23.5385    38.8146      3.646   169.1049    20.8431      6.424
  244.2002     9.9726    23.5974    38.7946      3.647   169.0759    20.8346      6.424
  244.2394    10.0044    23.6561    38.7746      3.647   169.0470    20.8261      6.425
  244.2786    10.0362    23.7149    38.7545      3.648   169.0180    20.8176      6.425
  244.3177    10.0680    23.7736    38.7345      3.648   168.9891    20.8090      6.425
  244.3569    10.0998    23.8323    38.7144      3.649   168.9602    20.8005      6.426
  244.3961    10.1316    23.8909    38.6942      3.649   168.9313    20.7919      6.426
  244.4353    10.1633    23.9496    38.6741      3.649   168.9024    20.7832      6.427
  244.4746    10.1951    24.0081    38.6539      3.650   168.8735    20.7746      6.427
  244.5138    10.2269    24.0667    38.6337      3.650   168.8447    20.7659      6.428
  244.5530    10.2587    24.1252    38.6134      3.651   168.8158    20.7572      6.428
  244.5923    10.2904    24.1837    38.5931      3.651   168.7870    20.7484      6.429
  244.6315    10.3222    24.2421    38.5728      3.651   168.7582    20.7397      6.429
  244.6708    10.3540    24.3006    38.5525      3.652   168.7294    20.7309      6.429
  244.7100    10.3857    24.3589    38.5321      3.652   168.7006    20.7221      6.430
  244.7493    10.4174    24.4173    38.5117      3.653   168.6718    20.7133      6.430
  244.7886    10.4492    24.4756    38.4913      3.653   168.6430    20.7044      6.431
  244.8279    10.4809    24.5339    38.4709      3.653   168.6143    20.6955      6.431
  244.8672    10.5127    24.5921    38.4504      3.654   168.5855    20.6866      6.432
  244.9065    10.5444    24.6504    38.4299      3.654   168.5568    20.6777      6.432
  244.9458    10.5761    24.7085    38.4094      3.655   168.5281    20.6687      6.433
  244.9851    10.6078    24.7667    38.3888      3.655   168.4994    20.6597      6.433
  245.0245    10.6395    24.8248    38.3682      3.655   168.4707    20.6507      6.434
  245.0638    10.6712    24.8829    38.3476      3.656   168.4420    20.6417      6.434
  245.1031    10.7029    24.9410    38.3269      3.656   168.4134    20.6326      6.435
  245.1425    10.7346    24.9990    38.3062      3.657   168.3847    20.6235      6.435
  245.1819    10.7663    25.0570    38.2855      3.657   168.3561    20.6144      6.436
  245.2212    10.7980    25.1149    38.2648      3.657   168.3275    20.6053      6.436
  245.2606    10.8297    25.1728    38.2440      3.658   168.2989    20.5961      6.437
  245.3000    10.8614    25.2307    38.2232      3.658   168.2703    20.5869      6.437
  245.3394    10.8931    25.2886    38.2024      3.659   168.2417    20.5777      6.438
  245.3788    10.9247    25.3464    38.1816      3.659   168.2131    20.5685      6.438
  245.4182    10.9564    25.4042    38.1607      3.659   168.1846    20.5592      6.439
  245.4576    10.9881    25.4620    38.1398      3.660   168.1561    20.5499      6.439
  245.4971    11.0197    25.5197    38.1188      3.660   168.1275    20.5406      6.440
  245.5365    11.0514    25.5774    38.0979      3.661   168.0990    20.5312      6.440
  245.5760    11.0830    25.6350    38.0769      3.661   168.0705    20.5219      6.441
  245.6154    11.1146    25.6926    38.0559      3.662   168.0421    20.5125      6.441
  245.6549    11.1463    25.7502    38.0348      3.662   168.0136    20.5031      6.442
  245.6944    11.1779    25.8078    38.0137      3.662   167.9851    20.4936      6.442
  245.7338    11.2095    25.8653    37.9926      3.663   167.9567    20.4842      6.443
  245.7733    11.2411    25.9228    37.9715      3.663   167.9283    20.4747      6.443
  245.8128    11.2727    25.9803    37.9503      3.664   167.8999    20.4652      6.444
  245.8523    11.3043    26.0377    37.9291      3.664   167.8715    20.4556      6.444
  245.8918    11.3359    26.0951    37.9079      3.664   167.8431    20.4461      6.445
  245.9314    11.3675    26.1524    37.8867      3.665   167.8148    20.4365      6.445
  245.9709    11.3991    26.2098    37.8654      3.665   167.7864    20.4268      6.446
  246.0104    11.4307    26.2671    37.8441      3.666   167.7581    20.4172      6.447
  246.0500    11.4623    26.3243    37.8228      3.666   167.7298    20.4075      6.447
  246.0896    11.4939    26.3815    37.8014      3.666   167.7015    20.3979      6.448
  246.1291    11.5254    26.4387    37.7800      3.667   167.6732    20.3881      6.448
  246.1687    11.5570    26.4959    37.7586      3.667   167.6449    20.3784      6.449
  246.2083    11.5886    26.5530    37.7372      3.668   167.6167    20.3686      6.449
  246.2479    11.6201    26.6101    37.7157      3.668   167.5884    20.3589      6.450
  246.2875    11.6517    26.6672    37.6942      3.668   167.5602    20.3490      6.451
  246.3271    11.6832    26.7242    37.6727      3.669   167.5320    20.3392      6.451
  246.3667    11.7147    26.7812    37.6512      3.669   167.5038    20.3294      6.452
  246.4064    11.7463    26.8382    37.6296      3.670   167.4756    20.3195      6.452
  246.4460    11.7778    26.8951    37.6080      3.670   167.4475    20.3096      6.453
  246.4857    11.8093    26.9520    37.5864      3.671   167.4193    20.2996      6.453
  246.5253    11.8408    27.0088    37.5647      3.671   167.3912    20.2897      6.454
  246.5650    11.8723    27.0657    37.5430      3.671   167.3631    20.2797      6.455
  246.6047    11.9039    27.1225    37.5213      3.672   167.3350    20.2697      6.455
  246.6443    11.9354    27.1792    37.4996      3.672   167.3069    20.2596      6.456
  246.6840    11.9668    27.2360    37.4778      3.673   167.2789    20.2496      6.456
  246.7237    11.9983    27.2927    37.4560      3.673   167.2508    20.2395      6.457
  246.7635    12.0298    27.3493    37.4342      3.673   167.2228    20.2294      6.458
  246.8032    12.0613    27.4060    37.4123      3.674   167.1948    20.2193      6.458
  246.8429    12.0928    27.4625    37.3905      3.674   167.1668    20.2091      6.459
  246.8827    12.1242    27.5191    37.3686      3.675   167.1388    20.1990      6.459
  246.9224    12.1557    27.5756    37.3466      3.675   167.1108    20.1888      6.460
  246.9622    12.1871    27.6321    37.3247      3.675   167.0829    20.1785      6.461
  247.0019    12.2186    27.6886    37.3027      3.676   167.0549    20.1683      6.461
  247.0417    12.2500    27.7450    37.2807      3.676   167.0270    20.1580      6.462
  247.0815    12.2815    27.8014    37.2586      3.677   166.9991    20.1477      6.462
  247.1213    12.3129    27.8578    37.2366      3.677   166.9712    20.1374      6.463
  247.1611    12.3443    27.9141    37.2145      3.678   166.9433    20.1270      6.464
  247.2009    12.3757    27.9704    37.1924      3.678   166.9155    20.1167      6.464
  247.2408    12.4072    28.0267    37.1702      3.678   166.8877    20.1063      6.465
  247.2806    12.4386    28.0829    37.1481      3.679   166.8598    20.0959      6.466
  247.3205    12.4700    28.1391    37.1259      3.679   166.8320    20.0854      6.466
  247.3603    12.5014    28.1953    37.1036      3.680   166.8042    20.0750      6.467
  247.4002    12.5327    28.2514    37.0814      3.680   166.7765    20.0645      6.467
  247.4401    12.5641    28.3075    37.0591      3.680   166.7487    20.0540      6.468
  247.4799    12.5955    28.3636    37.0368      3.681   166.7210    20.0434      6.469
  247.5198    12.6269    28.4197    37.0145      3.681   166.6933    20.0329      6.469
  247.5597    12.6582    28.4757    36.9921      3.682   166.6656    20.0223      6.470
  247.5997    12.6896    28.5316    36.9698      3.682   166.6379    20.0117      6.471
  247.6396    12.7210    28.5876    36.9473      3.682   166.6102    20.0011      6.471
  247.6795    12.7523    28.6435    36.9249      3.683   166.5826    19.9904      6.472
  247.7195    12.7837    28.6993    36.9025      3.683   166.5549    19.9797      6.473
  247.7594    12.8150    28.7552    36.8800      3.684   166.5273    19.9690      6.473
  247.7994    12.8463    28.8110    36.8575      3.684   166.4997    19.9583      6.474
  247.8394    12.8776    28.8668    36.8349      3.685   166.4721    19.9476      6.475
  247.8793    12.9090    28.9225    36.8124      3.685   166.4446    19.9368      6.475
  247.9193    12.9403    28.9782    36.7898      3.685   166.4170    19.9260      6.476
  247.9593    12.9716    29.0339    36.7671      3.686   166.3895    19.9152      6.477
  247.9994    13.0029    29.0895    36.7445      3.686   166.3620    19.9044      6.477
  248.0394    13.0342    29.1451    36.7218      3.687   166.3345    19.8935      6.478
  248.0794    13.0655    29.2007    36.6991      3.687   166.3070    19.8826      6.479
  248.1195    13.0967    29.2563    36.6764      3.687   166.2796    19.8717      6.480
  248.1595    13.1280    29.3118    36.6537      3.688   166.2521    19.8608      6.480
  248.1996    13.1593    29.3672    36.6309      3.688   166.2247    19.8498      6.481
  248.2397    13.1906    29.4227    36.6081      3.689   166.1973    19.8388      6.482
  248.2797    13.2218    29.4781    36.5853      3.689   166.1699    19.8278      6.482
  248.3198    13.2531    29.5335    36.5624      3.690   166.1426    19.8168      6.483
  248.3599    13.2843    29.5888    36.5396      3.690   166.1152    19.8058      6.484
  248.4001    13.3155    29.6441    36.5167      3.690   166.0879    19.7947      6.484
  248.4402    13.3468    29.6994    36.4937      3.691   166.0606    19.7836      6.485
  248.4803    13.3780    29.7547    36.4708      3.691   166.0333    19.7725      6.486
  248.5205    13.4092    29.8099    36.4478      3.692   166.0060    19.7614      6.487
  248.5606    13.4404    29.8651    36.4248      3.692   165.9788    19.7502      6.487
  248.6008    13.4716    29.9202    36.4018      3.692   165.9515    19.7390      6.488
  248.6410    13.5028    29.9753    36.3787      3.693   165.9243    19.7278      6.489
  248.6812    13.5340    30.0304    36.3557      3.693   165.8971    19.7166      6.489
  248.7214    13.5652    30.0855    36.3326      3.694   165.8699    19.7053      6.490
  248.7616    13.5964    30.1405    36.3094      3.694   165.8428    19.6940      6.491
  248.8018    13.6276    30.1955    36.2863      3.695   165.8156    19.6827      6.492
  248.8420    13.6587    30.2504    36.2631      3.695   165.7885    19.6714      6.492
  248.8823    13.6899    30.3054    36.2399      3.695   165.7614    19.6601      6.493
  248.9225    13.7211    30.3602    36.2167      3.696   165.7343    19.6487      6.494
  248.9628    13.7522    30.4151    36.1934      3.696   165.7072    19.6373      6.495
  249.0031    13.7833    30.4699    36.1701      3.697   165.6802    19.6259      6.495
  249.0434    13.8145    30.5247    36.1468      3.697   165.6531    19.6145      6.496
  249.0836    13.8456    30.5795    36.1235      3.697   165.6261    19.6030      6.497
  249.1240    13.8767    30.6342    36.1002      3.698   165.5991    19.5916      6.498
  249.1643    13.9078    30.6889    36.0768      3.698   165.5721    19.5801      6.498
  249.2046    13.9390    30.7435    36.0534      3.699   165.5452    19.5685      6.499
  249.2449    13.9701    30.7982    36.0300      3.699   165.5182    19.5570      6.500
  249.2853    14.0012    30.8528    36.0065      3.700   165.4913    19.5454      6.501
  249.3257    14.0322    30.9073    35.9830      3.700   165.4644    19.5338      6.502
  249.3660    14.0633    30.9619    35.9595      3.700   165.4375    19.5222      6.502
  249.4064    14.0944    31.0164    35.9360      3.701   165.4107    19.5106      6.503
  249.4468    14.1255    31.0708    35.9124      3.701   165.3838    19.4989      6.504
  249.4872    14.1565    31.1253    35.8889      3.702   165.3570    19.4873      6.505
  249.5276    14.1876    31.1797    35.8653      3.702   165.3302    19.4756      6.505
  249.5681    14.2186    31.2340    35.8416      3.702   165.3034    19.4638      6.506
  249.6085    14.2497    31.2884    35.8180      3.703   165.2767    19.4521      6.507
  249.6489    14.2807    31.3427    35.7943      3.703   165.2499    19.4403      6.508
  249.6894    14.3117    31.3969    35.7706      3.704   165.2232    19.4285      6.509
  249.7299    14.3428    31.4512    35.7469      3.704   165.1965    19.4167      6.509
  249.7704    14.3738    31.5054    35.7232      3.705   165.1698    19.4049      6.510
  249.8109    14.4048    31.5596    35.6994      3.705   165.1431    19.3930      6.511
  249.8514    14.4358    31.6137    35.6756      3.705   165.1165    19.3812      6.512
  249.8919    14.4668    31.6678    35.6518      3.706   165.0899    19.3693      6.513
  249.9324    14.4978    31.7219    35.6279      3.706   165.0633    19.3574      6.513
  249.9729    14.5287    31.7759    35.6041      3.707   165.0367    19.3454      6.514
  250.0135    14.5597    31.8300    35.5802      3.707   165.0101    19.3335      6.515
  250.0541    14.5907    31.8839    35.5563      3.707   164.9836    19.3215      6.516
  250.0946    14.6216    31.9379    35.5323      3.708   164.9571    19.3095      6.517
  250.1352    14.6526    31.9918    35.5084      3.708   164.9305    19.2974      6.518
  250.1758    14.6835    32.0457    35.4844      3.709   164.9041    19.2854      6.518
  250.2164    14.7145    32.0995    35.4604      3.709   164.8776    19.2733      6.519
  250.2570    14.7454    32.1534    35.4363      3.710   164.8511    19.2612      6.520
  250.2977    14.7763    32.2072    35.4123      3.710   164.8247    19.2491      6.521
  250.3383    14.8072    32.2609    35.3882      3.710   164.7983    19.2370      6.522
  250.3790    14.8382    32.3146    35.3641      3.711   164.7719    19.2248      6.523
  250.4196    14.8691    32.3683    35.3399      3.711   164.7456    19.2127      6.523
  250.4603    14.8999    32.4220    35.3158      3.712   164.7192    19.2005      6.524
  250.5010    14.9308    32.4756    35.2916      3.712   164.6929    19.1882      6.525
  250.5417    14.9617    32.5292    35.2674      3.713   164.6666    19.1760      6.526
  250.5824    14.9926    32.5828    35.2432      3.713   164.6403    19.1637      6.527
  250.6231    15.0235    32.6363    35.2189      3.713   164.6141    19.1515      6.528
  250.6639    15.0543    32.6898    35.1947      3.714   164.5878    19.1392      6.528
  250.7046    15.0852    32.7433    35.1704      3.714   164.5616    19.1268      6.529
  250.7454    15.1160    32.7967    35.1460      3.715   164.5354    19.1145      6.530
  250.7862    15.1468    32.8501    35.1217      3.715   164.5092    19.1021      6.531
  250.8269    15.1777    32.9035    35.0973      3.715   164.4831    19.0897      6.532
  250.8677    15.2085    32.9568    35.0729      3.716   164.4569    19.0773      6.533
  250.9085    15.2393    33.0101    35.0485      3.716   164.4308    19.0649      6.534
  250.9494    15.2701    33.0634    35.0241      3.717   164.4047    19.0525      6.535
  250.9902    15.3009    33.1166    34.9996      3.717   164.3787    19.0400      6.535
  251.0310    15.3317    33.1699    34.9751      3.718   164.3526    19.0275      6.536
  251.0719    15.3625    33.2230    34.9506      3.718   164.3266    19.0150      6.537
  251.1128    15.3933    33.2762    34.9261      3.718   164.3006    19.0025      6.538
  251.1536    15.4241    33.3293    34.9016      3.719   164.2746    18.9899      6.539
  251.1945    15.4548    33.3824    34.8770      3.719   164.2486    18.9773      6.540
  251.2354    15.4856    33.4354    34.8524      3.720   164.2227    18.9647      6.541
  251.2764    15.5163    33.4885    34.8278      3.720   164.1967    18.9521      6.542
  251.3173    15.5471    33.5415    34.8031      3.721   164.1708    18.9395      6.543
  251.3582    15.5778    33.5944    34.7785      3.721   164.1449    18.9268      6.543
  251.3992    15.6085    33.6473    34.7538      3.721   164.1191    18.9141      6.544
  251.4401    15.6392    33.7002    34.7290      3.722   164.0932    18.9014      6.545
  251.4811    15.6699    33.7531    34.7043      3.722   164.0674    18.8887      6.546
  251.5221    15.7006    33.8059    34.6796      3.723   164.0416    18.8760      6.547
  251.5631    15.7313    33.8587    34.6548      3.723   164.0159    18.8632      6.548
  251.6041    15.7620    33.9115    34.6300      3.723   163.9901    18.8505      6.549
  251.6452    15.7927    33.9642    34.6051      3.724   163.9644    18.8377      6.550
  251.6862    15.8234    34.0169    34.5803      3.724   163.9387    18.8248      6.551
  251.7272    15.8540    34.0696    34.5554      3.725   163.9130    18.8120      6.552
  251.7683    15.8847    34.1223    34.5305      3.725   163.8873    18.7991      6.553
  251.8094    15.9153    34.1749    34.5056      3.726   163.8617    18.7863      6.554
  251.8505    15.9460    34.2274    34.4807      3.726   163.8360    18.7734      6.555
  251.8916    15.9766    34.2800    34.4557      3.726   163.8104    18.7604      6.555
  251.9327    16.0072    34.3325    34.4307      3.727   163.7849    18.7475      6.556
  251.9738    16.0379    34.3850    34.4057      3.727   163.7593    18.7345      6.557
  252.0150    16.0685    34.4374    34.3807      3.728   163.7338    18.7216      6.558
  252.0561    16.0991    34.4899    34.3556      3.728   163.7082    18.7086      6.559
  252.0973    16.1297    34.5423    34.3306      3.729   163.6828    18.6955      6.560
  252.1385    16.1603    34.5946    34.3055      3.729   163.6573    18.6825      6.561
  252.1796    16.1908    34.6470    34.2803      3.729   163.6318    18.6695      6.562
  252.2208    16.2214    34.6992    34.2552      3.730   163.6064    18.6564      6.563
  252.2621    16.2520    34.7515    34.2300      3.730   163.5810    18.6433      6.564
  252.3033    16.2825    34.8037    34.2048      3.731   163.5556    18.6302      6.565
  252.3445    16.3131    34.8560    34.1796      3.731   163.5303    18.6170      6.566
  252.3858    16.3436    34.9081    34.1544      3.732   163.5049    18.6039      6.567
  252.4271    16.3741    34.9603    34.1292      3.732   163.4796    18.5907      6.568
  252.4683    16.4047    35.0124    34.1039      3.732   163.4543    18.5775      6.569
  252.5096    16.4352    35.0645    34.0786      3.733   163.4291    18.5643      6.570
  252.5509    16.4657    35.1165    34.0533      3.733   163.4038    18.5510      6.571
  252.5923    16.4962    35.1685    34.0279      3.734   163.3786    18.5378      6.572
  252.6336    16.5267    35.2205    34.0026      3.734   163.3534    18.5245      6.573
  252.6749    16.5571    35.2725    33.9772      3.735   163.3282    18.5112      6.574
  252.7163    16.5876    35.3244    33.9518      3.735   163.3030    18.4979      6.575
  252.7577    16.6181    35.3763    33.9263      3.735   163.2779    18.4846      6.576
  252.7990    16.6485    35.4281    33.9009      3.736   163.2528    18.4712      6.577
  252.8404    16.6790    35.4800    33.8754      3.736   163.2277    18.4579      6.578
  252.8819    16.7094    35.5318    33.8499      3.737   163.2026    18.4445      6.579
  252.9233    16.7399    35.5835    33.8244      3.737   163.1776    18.4311      6.580
  252.9647    16.7703    35.6353    33.7989      3.738   163.1526    18.4176      6.581
  253.0062    16.8007    35.6870    33.7733      3.738   163.1276    18.4042      6.582
  253.0476    16.8311    35.7387    33.7477      3.738   163.1026    18.3907      6.583
  253.0891    16.8615    35.7903    33.7221      3.739   163.0776    18.3772      6.584
  253.1306    16.8919    35.8419    33.6965      3.739   163.0527    18.3637      6.585
  253.1721    16.9223    35.8935    33.6709      3.740   163.0278    18.3502      6.586
  253.2136    16.9527    35.9451    33.6452      3.740   163.0029    18.3367      6.587
  253.2552    16.9830    35.9966    33.6195      3.741   162.9781    18.3231      6.588
  253.2967    17.0134    36.0481    33.5938      3.741   162.9532    18.3095      6.589
  253.3383    17.0437    36.0995    33.5681      3.741   162.9284    18.2959      6.590
  253.3798    17.0741    36.1510    33.5423      3.742   162.9036    18.2823      6.591
  253.4214    17.1044    36.2024    33.5166      3.742   162.8789    18.2687      6.592
  253.4630    17.1347    36.2537    33.4908      3.743   162.8541    18.2550      6.593
  253.5046    17.1650    36.3051    33.4650      3.743   162.8294    18.2414      6.594
  253.5462    17.1954    36.3564    33.4391      3.744   162.8047    18.2277      6.595
  253.5879    17.2257    36.4076    33.4133      3.744   162.7800    18.2140      6.596
  253.6295    17.2559    36.4589    33.3874      3.744   162.7554    18.2002      6.597
  253.6712    17.2862    36.5101    33.3615      3.745   162.7307    18.1865      6.598
  253.7129    17.3165    36.5613    33.3356      3.745   162.7061    18.1727      6.599
  253.7546    17.3468    36.6124    33.3096      3.746   162.6815    18.1589      6.600
  253.7963    17.3770    36.6636    33.2837      3.746   162.6570    18.1451      6.601
  253.8380    17.4073    36.7147    33.2577      3.747   162.6324    18.1313      6.602
  253.8797    17.4375    36.7657    33.2317      3.747   162.6079    18.1175      6.604
  253.9215    17.4677    36.8168    33.2057      3.747   162.5834    18.1036      6.605
  253.9633    17.4979    36.8678    33.1796      3.748   162.5590    18.0897      6.606
  254.0050    17.5282    36.9187    33.1536      3.748   162.5345    18.0758      6.607
  254.0468    17.5584    36.9697    33.1275      3.749   162.5101    18.0619      6.608
  254.0886    17.5886    37.0206    33.1014      3.749   162.4857    18.0480      6.609
  254.1304    17.6187    37.0715    33.0752      3.750   162.4614    18.0341      6.610
  254.1723    17.6489    37.1223    33.0491      3.750   162.4370    18.0201      6.611
  254.2141    17.6791    37.1731    33.0229      3.750   162.4127    18.0061      6.612
  254.2560    17.7092    37.2239    32.9967      3.751   162.3884    17.9921      6.613
  254.2979    17.7394    37.2747    32.9705      3.751   162.3641    17.9781      6.614
  254.3397    17.7695    37.3254    32.9443      3.752   162.3399    17.9641      6.615
  254.3817    17.7997    37.3761    32.9180      3.752   162.3156    17.9500      6.616
  254.4236    17.8298    37.4268    32.8918      3.753   162.2914    17.9359      6.618
  254.4655    17.8599    37.4774    32.8655      3.753   162.2672    17.9218      6.619
  254.5074    17.8900    37.5281    32.8392      3.754   162.2431    17.9077      6.620
  254.5494    17.9201    37.5786    32.8128      3.754   162.2190    17.8936      6.621
  254.5914    17.9502    37.6292    32.7865      3.754   162.1949    17.8795      6.622
  254.6334    17.9803    37.6797    32.7601      3.755   162.1708    17.8653      6.623
  254.6754    18.0103    37.7302    32.7337      3.755   162.1467    17.8511      6.624
  254.7174    18.0404    37.7807    32.7073      3.756   162.1227    17.8369      6.625
  254.7594    18.0705    37.8311    32.6809      3.756   162.0987    17.8227      6.626
  254.8015    18.1005    37.8815    32.6544      3.757   162.0747    17.8085      6.628
  254.8435    18.1305    37.9319    32.6279      3.757   162.0507    17.7942      6.629
  254.8856    18.1606    37.9822    32.6014      3.757   162.0268    17.7800      6.630
  254.9277    18.1906    38.0325    32.5749      3.758   162.0029    17.7657      6.631
  254.9698    18.2206    38.0828    32.5484      3.758   161.9790    17.7514      6.632
  255.0119    18.2506    38.1331    32.5218      3.759   161.9551    17.7371      6.633
  255.0540    18.2806    38.1833    32.4953      3.759   161.9313    17.7227      6.634
  255.0962    18.3105    38.2335    32.4687      3.760   161.9074    17.7084      6.635
  255.1384    18.3405    38.2836    32.4421      3.760   161.8836    17.6940      6.637
  255.1805    18.3705    38.3338    32.4154      3.760   161.8599    17.6796      6.638
  255.2227    18.4004    38.3839    32.3888      3.761   161.8361    17.6652      6.639
  255.2649    18.4304    38.4339    32.3621      3.761   161.8124    17.6508      6.640
  255.3071    18.4603    38.4840    32.3354      3.762   161.7887    17.6364      6.641
  255.3494    18.4902    38.5340    32.3087      3.762   161.7650    17.6219      6.642
  255.3916    18.5201    38.5840    32.2819      3.763   161.7414    17.6074      6.643
  255.4339    18.5500    38.6339    32.2552      3.763   161.7178    17.5929      6.645
  255.4762    18.5799    38.6839    32.2284      3.764   161.6942    17.5784      6.646
  255.5185    18.6098    38.7338    32.2016      3.764   161.6706    17.5639      6.647
  255.5608    18.6397    38.7836    32.1748      3.764   161.6470    17.5494      6.648
  255.6031    18.6695    38.8335    32.1480      3.765   161.6235    17.5348      6.649
  255.6454    18.6994    38.8833    32.1211      3.765   161.6000    17.5203      6.650
  255.6878    18.7292    38.9331    32.0943      3.766   161.5765    17.5057      6.652
  255.7302    18.7591    38.9828    32.0674      3.766   161.5531    17.4911      6.653
  255.7725    18.7889    39.0325    32.0405      3.767   161.5297    17.4764      6.654
  255.8149    18.8187    39.0822    32.0135      3.767   161.5063    17.4618      6.655
  255.8574    18.8485    39.1319    31.9866      3.767   161.4829    17.4471      6.656
  255.8998    18.8783    39.1815    31.9596      3.768   161.4595    17.4325      6.657
  255.9422    18.9081    39.2311    31.9326      3.768   161.4362    17.4178      6.659
  255.9847    18.9379    39.2807    31.9056      3.769   161.4129    17.4031      6.660
  256.0272    18.9677    39.3303    31.8786      3.769   161.3896    17.3884      6.661
  256.0697    18.9974    39.3798    31.8516      3.770   161.3664    17.3736      6.662
  256.1122    19.0272    39.4293    31.8245      3.770   161.3432    17.3589      6.663
  256.1547    19.0569    39.4787    31.7974      3.771   161.3200    17.3441      6.665
  256.1972    19.0867    39.5282    31.7703      3.771   161.2968    17.3293      6.666
  256.2398    19.1164    39.5776    31.7432      3.771   161.2736    17.3145      6.667
  256.2823    19.1461    39.6269    31.7161      3.772   161.2505    17.2997      6.668
  256.3249    19.1758    39.6763    31.6889      3.772   161.2274    17.2849      6.669
  256.3675    19.2055    39.7256    31.6617      3.773   161.2043    17.2700      6.671
  256.4101    19.2352    39.7749    31.6345      3.773   161.1813    17.2551      6.672
  256.4527    19.2648    39.8241    31.6073      3.774   161.1582    17.2403      6.673
  256.4954    19.2945    39.8734    31.5801      3.774   161.1352    17.2254      6.674
  256.5380    19.3241    39.9226    31.5528      3.775   161.1123    17.2104      6.675
  256.5807    19.3538    39.9717    31.5256      3.775   161.0893    17.1955      6.677
  256.6234    19.3834    40.0209    31.4983      3.775   161.0664    17.1806      6.678
  256.6661    19.4130    40.0700    31.4710      3.776   161.0435    17.1656      6.679
  256.7088    19.4427    40.1191    31.4436      3.776   161.0206    17.1506      6.680
  256.7516    19.4723    40.1681    31.4163      3.777   160.9978    17.1356      6.682
  256.7943    19.5019    40.2172    31.3889      3.777   160.9749    17.1206      6.683
  256.8371    19.5314    40.2661    31.3615      3.778   160.9521    17.1056      6.684
  256.8799    19.5610    40.3151    31.3341      3.778   160.9294    17.0906      6.685
  256.9227    19.5906    40.3641    31.3067      3.779   160.9066    17.0755      6.687
  256.9655    19.6201    40.4130    31.2793      3.779   160.8839    17.0604      6.688
  257.0083    19.6497    40.4619    31.2518      3.779   160.8612    17.0453      6.689
  257.0512    19.6792    40.5107    31.2243      3.780   160.8385    17.0302      6.690
  257.0940    19.7087    40.5595    31.1968      3.780   160.8159    17.0151      6.692
  257.1369    19.7382    40.6083    31.1693      3.781   160.7933    17.0000      6.693
  257.1798    19.7677    40.6571    31.1418      3.781   160.7707    16.9848      6.694
  257.2227    19.7972    40.7059    31.1142      3.782   160.7481    16.9697      6.695
  257.2656    19.8267    40.7546    31.0867      3.782   160.7255    16.9545      6.697
  257.3086    19.8562    40.8033    31.0591      3.783   160.7030    16.9393      6.698
  257.3515    19.8856    40.8519    31.0315      3.783   160.6805    16.9241      6.699
  257.3945    19.9151    40.9005    31.0038      3.783   160.6581    16.9089      6.700
  257.4375    19.9445    40.9492    30.9762      3.784   160.6356    16.8936      6.702
  257.4805    19.9740    40.9977    30.9485      3.784   160.6132    16.8784      6.703
  257.5235    20.0034    41.0463    30.9209      3.785   160.5908    16.8631      6.704
  257.5665    20.0328    41.0948    30.8932      3.785   160.5684    16.8478      6.705
  257.6096    20.0622    41.1433    30.8655      3.786   160.5461    16.8325      6.707
  257.6527    20.0916    41.1917    30.8377      3.786   160.5238    16.8172      6.708
  257.6958    20.1209    41.2402    30.8100      3.787   160.5015    16.8019      6.709
  257.7389    20.1503    41.2886    30.7822      3.787   160.4792    16.7865      6.711
  257.7820    20.1797    41.3370    30.7544      3.787   160.4570    16.7712      6.712
  257.8251    20.2090    41.3853    30.7266      3.788   160.4348    16.7558      6.713
  257.8683    20.2383    41.4336    30.6988      3.788   160.4126    16.7404      6.714
  257.9114    20.2677    41.4819    30.6709      3.789   160.3904    16.7250      6.716
  257.9546    20.2970    41.5302    30.6431      3.789   160.3683    16.7096      6.717
  257.9978    20.3263    41.5784    30.6152      3.790   160.3462    16.6942      6.718
  258.0410    20.3556    41.6266    30.5873      3.790   160.3241    16.6787      6.720
  258.0843    20.3849    41.6748    30.5594      3.791   160.3021    16.6632      6.721
  258.1275    20.4141    41.7230    30.5315      3.791   160.2800    16.6478      6.722
  258.1708    20.4434    41.7711    30.5035      3.791   160.2580    16.6323      6.724
  258.2140    20.4726    41.8192    30.4756      3.792   160.2361    16.6168      6.725
  258.2573    20.5019    41.8673    30.4476      3.792   160.2141    16.6012      6.726
  258.3007    20.5311    41.9153    30.4196      3.793   160.1922    16.5857      6.728
  258.3440    20.5603    41.9633    30.3916      3.793   160.1703    16.5702      6.729
  258.3873    20.5895    42.0113    30.3635      3.794   160.1484    16.5546      6.730
  258.4307    20.6187    42.0593    30.3355      3.794   160.1266    16.5390      6.732
  258.4741    20.6479    42.1072    30.3074      3.795   160.1047    16.5234      6.733
  258.5175    20.6771    42.1551    30.2793      3.795   160.0829    16.5078      6.734
  258.5609    20.7063    42.2030    30.2512      3.795   160.0612    16.4922      6.736
  258.6043    20.7354    42.2509    30.2231      3.796   160.0394    16.4766      6.737
  258.6478    20.7646    42.2987    30.1950      3.796   160.0177    16.4609      6.738
  258.6912    20.7937    42.3465    30.1668      3.797   159.9960    16.4453      6.740
  258.7347    20.8228    42.3942    30.1386      3.797   159.9743    16.4296      6.741
  258.7782    20.8519    42.4420    30.1104      3.798   159.9527    16.4139      6.742
  258.8217    20.8810    42.4897    30.0822      3.798   159.9311    16.3982      6.744
  258.8653    20.9101    42.5374    30.0540      3.799   159.9095    16.3825      6.745
  258.9088    20.9392    42.5851    30.0258      3.799   159.8879    16.3667      6.746
  258.9524    20.9682    42.6327    29.9975      3.800   159.8664    16.3510      6.748
  258.9960    20.9973    42.6803    29.9692      3.800   159.8449    16.3352      6.749
