#   RA_deg    DEC_deg      l_deg      b_deg   Rhel_kpc    phi_deg  theta_deg   Rgal_kpc
  123.3000   -65.0000   278.5544   -16.3740     20.000   253.4308   -15.8964     20.585
  122.5000   -64.9000   278.2905   -16.6204     20.000   253.1695   -16.1051     20.622
  121.8000   -64.8000   278.0498   -16.8333     20.000   252.9326   -16.2834     20.656
  121.0000   -64.8000   277.8821   -17.1338     20.000   252.7485   -16.5533     20.681
  120.3000   -64.7000   277.6450   -17.3527     20.000   252.5140   -16.7364     20.714
  119.6000   -64.6000   277.4094   -17.5747     20.000   252.2804   -16.9222     20.747
  118.8000   -64.5000   277.1554   -17.8386     20.000   252.0254   -17.1452     20.783
  118.1000   -64.4000   276.9231   -18.0673     20.000   251.7938   -17.3364     20.816
  117.4000   -64.4000   276.7879   -18.3411     20.000   251.6402   -17.5814     20.835
  116.6000   -64.3000   276.5405   -18.6148     20.000   251.3892   -17.8123     20.870
  115.9000   -64.2000   276.3139   -18.8523     20.000   251.1611   -18.0107     20.901
  115.2000   -64.1000   276.0889   -19.0928     20.000   250.9339   -18.2117     20.933
  114.5000   -64.0000   275.8656   -19.3365     20.000   250.7077   -18.4151     20.963
  113.8000   -63.9000   275.6441   -19.5832     20.000   250.4824   -18.6210     20.994
  113.1000   -63.9000   275.5233   -19.8694     20.000   250.3377   -18.8759     21.011
  112.4000   -63.8000   275.3059   -20.1213     20.000   250.1148   -19.0860     21.041
  111.7000   -63.7000   275.0903   -20.3761     20.000   249.8930   -19.2985     21.071
  111.0000   -63.6000   274.8766   -20.6339     20.000   249.6722   -19.5134     21.100
  110.3000   -63.5000   274.6648   -20.8947     20.000   249.4524   -19.7307     21.129
  109.6000   -63.5000   274.5566   -21.1902     20.000   249.3149   -19.9933     21.144
  108.9000   -63.4000   274.3492   -21.4559     20.000   249.0976   -20.2146     21.172
  108.3000   -63.3000   274.1584   -21.6816     20.000   248.9004   -20.4002     21.198
  107.6000   -63.2000   273.9547   -21.9528     20.000   248.6850   -20.6259     21.225
  106.9000   -63.1000   273.7532   -22.2267     20.000   248.4706   -20.8540     21.252
  106.2000   -63.1000   273.6578   -22.5309     20.000   248.3405   -21.1237     21.265
  105.6000   -63.0000   273.4741   -22.7658     20.000   248.1469   -21.3168     21.290
  104.9000   -62.9000   273.2791   -23.0470     20.000   247.9359   -21.5507     21.316
  104.3000   -62.8000   273.0986   -23.2867     20.000   247.7439   -21.7477     21.339
  103.6000   -62.7000   272.9077   -23.5731     20.000   247.5349   -21.9858     21.364
  103.0000   -62.6000   272.7307   -23.8175     20.000   247.3446   -22.1866     21.388
  102.3000   -62.6000   272.6509   -24.1313     20.000   247.2227   -22.4643     21.399
  101.7000   -62.5000   272.4778   -24.3795     20.000   247.0342   -22.6683     21.421
  101.0000   -62.4000   272.2960   -24.6752     20.000   246.8296   -22.9141     21.445
  100.4000   -62.3000   272.1266   -24.9280     20.000   246.6428   -23.1217     21.466
   99.8000   -62.2000   271.9589   -25.1828     20.000   246.4568   -23.3311     21.488
   99.2000   -62.2000   271.9019   -25.4579     20.000   246.3582   -23.5744     21.496
   98.5000   -62.1000   271.7291   -25.7623     20.000   246.1578   -23.8274     21.518
   97.9000   -62.0000   271.5675   -26.0230     20.000   245.9746   -24.0415     21.538
   97.3000   -61.9000   271.4076   -26.2857     20.000   245.7920   -24.2574     21.558
   96.7000   -61.8000   271.2496   -26.5504     20.000   245.6103   -24.4749     21.578
   96.1000   -61.8000   271.2044   -26.8311     20.000   245.5175   -24.7232     21.584
   95.5000   -61.7000   271.0505   -27.0991     20.000   245.3376   -24.9435     21.603
   94.9000   -61.6000   270.8985   -27.3691     20.000   245.1584   -25.1654     21.622
   94.3000   -61.5000   270.7485   -27.6411     20.000   244.9801   -25.3889     21.641
   93.7000   -61.4000   270.6004   -27.9151     20.000   244.8025   -25.6141     21.659
   93.1000   -61.4000   270.5673   -28.2008     20.000   244.7155   -25.8672     21.663
   92.5000   -61.3000   270.4236   -28.4779     20.000   244.5398   -26.0951     21.680
   91.9000   -61.2000   270.2820   -28.7569     20.000   244.3649   -26.3246     21.698
   91.3000   -61.1000   270.1425   -29.0378     20.000   244.1908   -26.5556     21.714
   90.7000   -61.0000   270.0052   -29.3206     20.000   244.0175   -26.7883     21.731
   90.2000   -60.9000   269.8732   -29.5567     20.000   243.8585   -26.9794     21.746
   89.6000   -60.9000   269.8549   -29.8480     20.000   243.7782   -27.2380     21.748
   89.0000   -60.8000   269.7240   -30.1354     20.000   243.6075   -27.4746     21.764
   88.5000   -60.7000   269.5974   -30.3756     20.000   243.4504   -27.6693     21.779
   87.9000   -60.6000   269.4706   -30.6664     20.000   243.2811   -27.9089     21.793
   87.4000   -60.5000   269.3473   -30.9097     20.000   243.1252   -28.1062     21.808
   86.8000   -60.5000   269.3416   -31.2051     20.000   243.0505   -28.3690     21.808
   86.2000   -60.4000   269.2217   -31.5002     20.000   242.8838   -28.6124     21.822
   85.7000   -60.3000   269.1041   -31.7475     20.000   242.7298   -28.8132     21.835
   85.2000   -60.2000   268.9880   -31.9962     20.000   242.5764   -29.0152     21.848
   84.6000   -60.1000   268.8745   -32.2961     20.000   242.4118   -29.2627     21.861
   84.1000   -60.1000   268.8807   -32.5453     20.000   242.3542   -29.4852     21.860
   83.5000   -60.0000   268.7721   -32.8476     20.000   242.1914   -29.7350     21.872
   83.0000   -59.9000   268.6637   -33.1014     20.000   242.0405   -29.9415     21.884
   82.5000   -59.8000   268.5571   -33.3566     20.000   241.8902   -30.1492     21.895
   82.0000   -59.7000   268.4521   -33.6131     20.000   241.7403   -30.3580     21.907
   81.4000   -59.6000   268.3526   -33.9214     20.000   241.5803   -30.6133     21.917
   80.9000   -59.6000   268.3722   -34.1739     20.000   241.5280   -30.8396     21.914
   80.4000   -59.5000   268.2733   -34.4338     20.000   241.3801   -31.0516     21.925
   79.9000   -59.4000   268.1763   -34.6949     20.000   241.2327   -31.2647     21.935
   79.4000   -59.3000   268.0811   -34.9573     20.000   241.0858   -31.4789     21.945
   78.9000   -59.2000   267.9878   -35.2210     20.000   240.9394   -31.6943     21.955
   78.4000   -59.2000   268.0186   -35.4758     20.000   240.8914   -31.9237     21.950
   77.9000   -59.1000   267.9295   -35.7413     20.000   240.7463   -32.1409     21.960
   77.4000   -59.0000   267.8423   -36.0080     20.000   240.6017   -32.3592     21.968
   76.9000   -58.9000   267.7572   -36.2759     20.000   240.4577   -32.5786     21.977
   76.4000   -58.8000   267.6740   -36.5450     20.000   240.3141   -32.7990     21.985
   75.9000   -58.8000   267.7167   -36.8018     20.000   240.2705   -33.0314     21.979
   75.4000   -58.7000   267.6380   -37.0726     20.000   240.1283   -33.2537     21.987
   74.9000   -58.6000   267.5614   -37.3445     20.000   239.9867   -33.4770     21.994
   74.4000   -58.5000   267.4870   -37.6176     20.000   239.8455   -33.7014     22.001
   74.0000   -58.4000   267.4040   -37.8401     20.000   239.7128   -33.8799     22.009
   73.5000   -58.4000   267.4588   -38.0985     20.000   239.6736   -34.1151     22.003
   73.0000   -58.3000   267.3908   -38.3741     20.000   239.5341   -34.3422     22.009
   72.5000   -58.2000   267.3251   -38.6509     20.000   239.3952   -34.5703     22.015
   72.1000   -58.1000   267.2489   -38.8768     20.000   239.2641   -34.7521     22.022
   71.6000   -58.0000   267.1873   -39.1555     20.000   239.1261   -34.9822     22.027
   71.2000   -57.9000   267.1144   -39.3833     20.000   238.9955   -35.1657     22.034
   70.7000   -57.9000   267.1841   -39.6435     20.000   238.9613   -35.4043     22.025
   70.2000   -57.8000   267.1295   -39.9246     20.000   238.8251   -35.6371     22.030
   69.8000   -57.7000   267.0621   -40.1546     20.000   238.6957   -35.8229     22.036
   69.3000   -57.6000   267.0119   -40.4376     20.000   238.5604   -36.0576     22.039
   68.9000   -57.5000   266.9480   -40.6694     20.000   238.4316   -36.2450     22.045
   68.5000   -57.5000   267.0141   -40.8784     20.000   238.4077   -36.4381     22.037
   68.0000   -57.4000   266.9709   -41.1635     20.000   238.2739   -36.6752     22.040
   67.6000   -57.3000   266.9123   -41.3973     20.000   238.1463   -36.8648     22.045
   67.1000   -57.2000   266.8738   -41.6842     20.000   238.0135   -37.1039     22.048
   66.7000   -57.1000   266.8190   -41.9196     20.000   237.8864   -37.2952     22.052
   66.3000   -57.1000   266.8960   -42.1292     20.000   237.8658   -37.4903     22.043
   65.9000   -57.0000   266.8448   -42.3656     20.000   237.7395   -37.6828     22.047
   65.4000   -56.9000   266.8160   -42.6553     20.000   237.6087   -37.9251     22.049
   65.0000   -56.8000   266.7688   -42.8933     20.000   237.4830   -38.1193     22.052
   64.6000   -56.7000   266.7234   -43.1320     20.000   237.3576   -38.3142     22.055
   64.2000   -56.6000   266.6798   -43.3715     20.000   237.2323   -38.5099     22.058
   63.8000   -56.6000   266.7698   -43.5818     20.000   237.2156   -38.7075     22.048
   63.4000   -56.5000   266.7301   -43.8222     20.000   237.0911   -38.9044     22.051
   63.0000   -56.4000   266.6924   -44.0633     20.000   236.9668   -39.1020     22.053
   62.5000   -56.3000   266.6810   -44.3578     20.000   236.8392   -39.3502     22.053
   62.1000   -56.2000   266.6477   -44.6003     20.000   236.7155   -39.5494     22.055
   61.7000   -56.2000   266.7495   -44.8107     20.000   236.7022   -39.7490     22.044
   61.3000   -56.1000   266.7204   -45.0541     20.000   236.5793   -39.9494     22.045
   61.0000   -56.0000   266.6665   -45.2454     20.000   236.4596   -40.1005     22.049
   60.6000   -55.9000   266.6409   -45.4900     20.000   236.3370   -40.3023     22.050
   60.2000   -55.8000   266.6174   -45.7353     20.000   236.2146   -40.5048     22.051
   59.8000   -55.8000   266.7307   -45.9458     20.000   236.2043   -40.7063     22.039
   59.4000   -55.7000   266.7118   -46.1918     20.000   236.0827   -40.9100     22.040
   59.0000   -55.6000   266.6951   -46.4384     20.000   235.9614   -41.1145     22.040
   58.6000   -55.5000   266.6806   -46.6856     20.000   235.8403   -41.3196     22.040
   58.3000   -55.4000   266.6373   -46.8807     20.000   235.7212   -41.4747     22.043
   57.9000   -55.4000   266.7627   -47.0911     20.000   235.7141   -41.6781     22.030
   57.5000   -55.3000   266.7548   -47.3395     20.000   235.5938   -41.8850     22.029
   57.1000   -55.2000   266.7493   -47.5884     20.000   235.4738   -42.0927     22.028
   56.8000   -55.1000   266.7125   -47.7854     20.000   235.3552   -42.2499     22.031
   56.4000   -55.0000   266.7111   -48.0354     20.000   235.2354   -42.4588     22.029
   56.1000   -54.9000   266.6773   -48.2333     20.000   235.1168   -42.6171     22.031
   55.7000   -54.9000   266.8179   -48.4435     20.000   235.1133   -42.8229     22.017
   55.3000   -54.8000   266.8237   -48.6945     20.000   234.9944   -43.0336     22.016
   55.0000   -54.7000   266.7952   -48.8936     20.000   234.8762   -43.1934     22.017
   54.6000   -54.6000   266.8055   -49.1456     20.000   234.7575   -43.4054     22.015
   54.3000   -54.5000   266.7802   -49.3456     20.000   234.6393   -43.5662     22.016
   53.9000   -54.5000   266.9342   -49.5552     20.000   234.6389   -43.7739     22.001
   53.6000   -54.4000   266.9126   -49.7558     20.000   234.5210   -43.9356     22.002
   53.2000   -54.3000   266.9327   -50.0091     20.000   234.4033   -44.1500     21.999
   52.9000   -54.2000   266.9146   -50.2106     20.000   234.2853   -44.3128     21.999
   52.6000   -54.1000   266.8981   -50.4125     20.000   234.1672   -44.4761     21.999
   52.2000   -54.1000   267.0655   -50.6215     20.000   234.1699   -44.6855     21.984
   51.9000   -54.0000   267.0529   -50.8239     20.000   234.0521   -44.8497     21.984
   51.6000   -53.9000   267.0419   -51.0267     20.000   233.9343   -45.0144     21.984
   51.2000   -53.8000   267.0768   -51.2820     20.000   233.8176   -45.2323     21.979
   50.9000   -53.7000   267.0696   -51.4856     20.000   233.6997   -45.3980     21.979
   50.6000   -53.6000   267.0641   -51.6896     20.000   233.5817   -45.5642     21.978
   50.3000   -53.6000   267.2022   -51.8457     20.000   233.5861   -45.7229     21.966
   49.9000   -53.5000   267.2475   -52.1021     20.000   233.4701   -45.9430     21.961
   49.6000   -53.4000   267.2481   -52.3068     20.000   233.3523   -46.1105     21.960
   49.3000   -53.3000   267.2504   -52.5119     20.000   233.2344   -46.2785     21.959
   49.0000   -53.2000   267.2546   -52.7174     20.000   233.1165   -46.4470     21.957
   48.7000   -53.2000   267.4037   -52.8728     20.000   233.1231   -46.6071     21.944
   48.4000   -53.1000   267.4119   -53.0786     20.000   233.0053   -46.7764     21.942
   48.1000   -53.0000   267.4219   -53.2847     20.000   232.8874   -46.9461     21.941
   47.8000   -52.9000   267.4338   -53.4911     20.000   232.7693   -47.1163     21.939
   47.4000   -52.8000   267.5008   -53.7495     20.000   232.6539   -47.3408     21.932
   47.1000   -52.8000   267.6618   -53.9040     20.000   232.6627   -47.5023     21.919
   46.8000   -52.7000   267.6807   -54.1110     20.000   232.5449   -47.6738     21.916
   46.6000   -52.6000   267.6462   -54.2670     20.000   232.4236   -47.7917     21.918
   46.3000   -52.5000   267.6684   -54.4746     20.000   232.3053   -47.9641     21.915
   46.0000   -52.4000   267.6928   -54.6825     20.000   232.1869   -48.1368     21.913
   45.7000   -52.4000   267.8650   -54.8362     20.000   232.1975   -48.2997     21.899
   45.4000   -52.3000   267.8940   -55.0443     20.000   232.0793   -48.4732     21.895
   45.1000   -52.2000   267.9252   -55.2527     20.000   231.9609   -48.6472     21.892
   44.8000   -52.1000   267.9586   -55.4613     20.000   231.8423   -48.8217     21.889
   44.5000   -52.0000   267.9944   -55.6702     20.000   231.7235   -48.9966     21.885
   44.2000   -51.9000   268.0325   -55.8793     20.000   231.6046   -49.1720     21.881
   44.0000   -51.9000   268.1573   -55.9810     20.000   231.6132   -49.2816     21.872
   43.7000   -51.8000   268.1996   -56.1902     20.000   231.4943   -49.4577     21.868
   43.4000   -51.7000   268.2443   -56.3997     20.000   231.3752   -49.6341     21.864
   43.1000   -51.6000   268.2915   -56.6094     20.000   231.2559   -49.8110     21.859
   42.9000   -51.5000   268.2750   -56.7687     20.000   231.1316   -49.9331     21.860
   42.6000   -51.5000   268.4748   -56.9202     20.000   231.1463   -50.0990     21.845
   42.3000   -51.4000   268.5291   -57.1301     20.000   231.0268   -50.2770     21.840
   42.1000   -51.3000   268.5171   -57.2900     20.000   230.9019   -50.3999     21.840
   41.8000   -51.2000   268.5758   -57.5004     20.000   230.7819   -50.5787     21.836
   41.6000   -51.1000   268.5666   -57.6607     20.000   230.6563   -50.7022     21.836
   41.3000   -51.1000   268.7794   -57.8110     20.000   230.6725   -50.8694     21.820
   41.0000   -51.0000   268.8456   -58.0216     20.000   230.5523   -51.0493     21.815
   40.8000   -50.9000   268.8414   -58.1824     20.000   230.4260   -51.1737     21.815
   40.5000   -50.8000   268.9125   -58.3933     20.000   230.3051   -51.3543     21.809
   40.3000   -50.7000   268.9113   -58.5546     20.000   230.1780   -51.4792     21.809
   40.0000   -50.6000   268.9872   -58.7659     20.000   230.0565   -51.6606     21.803
   39.8000   -50.6000   269.1402   -58.8650     20.000   230.0686   -51.7732     21.792
   39.5000   -50.5000   269.2215   -59.0762     20.000   229.9470   -51.9553     21.786
   39.3000   -50.4000   269.2269   -59.2381     20.000   229.8188   -52.0813     21.785
   39.0000   -50.3000   269.3134   -59.4495     20.000   229.6965   -52.2641     21.779
   38.8000   -50.2000   269.3223   -59.6118     20.000   229.5674   -52.3906     21.778
   38.6000   -50.2000   269.4846   -59.7101     20.000   229.5804   -52.5041     21.767
   38.3000   -50.1000   269.5789   -59.9215     20.000   229.4576   -52.6879     21.760
   38.1000   -50.0000   269.5929   -60.0842     20.000   229.3277   -52.8151     21.759
   37.9000   -49.9000   269.6083   -60.2470     20.000   229.1973   -52.9426     21.758
   37.6000   -49.8000   269.7106   -60.4587     20.000   229.0733   -53.1274     21.751
   37.4000   -49.8000   269.8829   -60.5560     20.000   229.0872   -53.2418     21.739
   37.2000   -49.7000   269.9038   -60.7191     20.000   228.9559   -53.3700     21.738
   36.9000   -49.6000   270.0147   -60.9308     20.000   228.8313   -53.5558     21.730
   36.7000   -49.5000   270.0395   -61.0942     20.000   228.6990   -53.6845     21.729
   36.5000   -49.4000   270.0658   -61.2577     20.000   228.5663   -53.8134     21.727
   36.3000   -49.4000   270.2480   -61.3541     20.000   228.5809   -53.9288     21.715
   36.1000   -49.3000   270.2778   -61.5177     20.000   228.4476   -54.0581     21.713
   35.8000   -49.2000   270.4030   -61.7294     20.000   228.3213   -54.2455     21.705
   35.6000   -49.1000   270.4370   -61.8932     20.000   228.1870   -54.3753     21.703
   35.4000   -49.0000   270.4728   -62.0573     20.000   228.0521   -54.5053     21.701
   35.2000   -48.9000   270.5102   -62.2214     20.000   227.9167   -54.6355     21.699
   35.0000   -48.9000   270.7051   -62.3166     20.000   227.9320   -54.7520     21.687
   34.8000   -48.8000   270.7464   -62.4808     20.000   227.7960   -54.8826     21.684
   34.6000   -48.7000   270.7895   -62.6451     20.000   227.6595   -55.0134     21.682
   34.4000   -48.6000   270.8344   -62.8095     20.000   227.5224   -55.1444     21.679
   34.2000   -48.5000   270.8812   -62.9740     20.000   227.3847   -55.2756     21.677
   34.0000   -48.5000   271.0867   -63.0682     20.000   227.4003   -55.3930     21.664
   33.7000   -48.4000   271.2422   -63.2796     20.000   227.2700   -55.5834     21.655
   33.5000   -48.3000   271.2963   -63.4441     20.000   227.1310   -55.7153     21.652
   33.4000   -48.2000   271.2454   -63.5621     20.000   226.9835   -55.7883     21.655
   33.2000   -48.1000   271.3023   -63.7269     20.000   226.8433   -55.9205     21.652
   33.0000   -48.1000   271.5191   -63.8200     20.000   226.8593   -56.0388     21.640
   32.8000   -48.0000   271.5805   -63.9847     20.000   226.7184   -56.1713     21.636
   32.6000   -47.9000   271.6441   -64.1496     20.000   226.5769   -56.3041     21.633
   32.4000   -47.8000   271.7098   -64.3145     20.000   226.4347   -56.4370     21.630
   32.2000   -47.7000   271.7778   -64.4795     20.000   226.2918   -56.5701     21.627
   32.0000   -47.6000   271.8480   -64.6445     20.000   226.1482   -56.7033     21.623
   31.8000   -47.6000   272.0795   -64.7361     20.000   226.1645   -56.8228     21.610
   31.6000   -47.5000   272.1547   -64.9010     20.000   226.0201   -56.9565     21.606
   31.5000   -47.4000   272.1135   -65.0205     20.000   225.8669   -57.0303     21.609
   31.3000   -47.3000   272.1922   -65.1856     20.000   225.7211   -57.1642     21.605
   31.1000   -47.2000   272.2732   -65.3508     20.000   225.5746   -57.2983     21.602
   30.9000   -47.2000   272.5168   -65.4412     20.000   225.5909   -57.4187     21.588
   30.7000   -47.1000   272.6033   -65.6062     20.000   225.4435   -57.5531     21.584
   30.6000   -47.0000   272.5674   -65.7263     20.000   225.2873   -57.6274     21.587
   30.4000   -46.9000   272.6576   -65.8914     20.000   225.1384   -57.7620     21.583
   30.2000   -46.8000   272.7505   -66.0566     20.000   224.9888   -57.8969     21.578
   30.0000   -46.8000   273.0070   -66.1458     20.000   225.0049   -58.0182     21.565
   29.9000   -46.7000   272.9756   -66.2663     20.000   224.8462   -58.0927     21.567
   29.7000   -46.6000   273.0756   -66.4314     20.000   224.6949   -58.2279     21.563
   29.5000   -46.5000   273.1784   -66.5964     20.000   224.5427   -58.3634     21.558
   29.4000   -46.4000   273.1500   -66.7173     20.000   224.3819   -58.4379     21.561
   29.2000   -46.4000   273.4191   -66.8054     20.000   224.3975   -58.5601     21.547
   29.0000   -46.3000   273.5295   -66.9702     20.000   224.2435   -58.6959     21.542
   28.9000   -46.2000   273.5048   -67.0914     20.000   224.0809   -58.7706     21.544
   28.7000   -46.1000   273.6197   -67.2564     20.000   223.9252   -58.9067     21.540
   28.6000   -46.0000   273.5969   -67.3778     20.000   223.7610   -58.9813     21.542
   28.4000   -45.9000   273.7166   -67.5428     20.000   223.6036   -59.1175     21.537
   28.2000   -45.9000   274.0026   -67.6293     20.000   223.6185   -59.2409     21.522
   28.1000   -45.8000   273.9839   -67.7510     20.000   223.4524   -59.3157     21.525
   27.9000   -45.7000   274.1120   -67.9157     20.000   223.2930   -59.4523     21.519
   27.8000   -45.6000   274.0954   -68.0376     20.000   223.1253   -59.5271     21.521
   27.6000   -45.5000   274.2286   -68.2023     20.000   222.9640   -59.6639     21.516
   27.5000   -45.5000   274.3785   -68.2450     20.000   222.9710   -59.7260     21.509
   27.3000   -45.4000   274.5172   -68.4095     20.000   222.8085   -59.8631     21.503
   27.2000   -45.3000   274.5058   -68.5316     20.000   222.6381   -59.9379     21.505
   27.0000   -45.2000   274.6499   -68.6962     20.000   222.4737   -60.0751     21.500
   26.9000   -45.1000   274.6409   -68.8185     20.000   222.3016   -60.1498     21.501
   26.7000   -45.1000   274.9556   -68.9024     20.000   222.3148   -60.2750     21.487
   26.6000   -45.0000   274.9497   -69.0248     20.000   222.1415   -60.3499     21.488
   26.5000   -44.9000   274.9445   -69.1473     20.000   221.9675   -60.4246     21.490
   26.3000   -44.8000   275.1023   -69.3116     20.000   221.7988   -60.5622     21.484
   26.2000   -44.7000   275.0998   -69.4342     20.000   221.6230   -60.6369     21.486
   26.0000   -44.6000   275.2638   -69.5984     20.000   221.4521   -60.7746     21.480
   25.9000   -44.6000   275.4305   -69.6396     20.000   221.4578   -60.8378     21.472
   25.8000   -44.5000   275.4321   -69.7624     20.000   221.2800   -60.9125     21.474
   25.6000   -44.4000   275.6048   -69.9262     20.000   221.1067   -61.0504     21.467
   25.5000   -44.3000   275.6094   -70.0491     20.000   220.9271   -61.1250     21.469
   25.4000   -44.2000   275.6147   -70.1721     20.000   220.7466   -61.1994     21.470
   25.2000   -44.2000   275.9638   -70.2533     20.000   220.7565   -61.3267     21.455
   25.1000   -44.1000   275.9729   -70.3764     20.000   220.5747   -61.4012     21.456
   25.0000   -44.0000   275.9830   -70.4995     20.000   220.3920   -61.4756     21.457
   24.9000   -43.9000   275.9939   -70.6226     20.000   220.2085   -61.5499     21.459
   24.7000   -43.8000   276.1877   -70.7861     20.000   220.0281   -61.6882     21.452
   24.6000   -43.8000   276.3706   -70.8260     20.000   220.0322   -61.7522     21.444
   24.5000   -43.7000   276.3865   -70.9492     20.000   219.8464   -61.8265     21.445
   24.4000   -43.6000   276.4034   -71.0725     20.000   219.6598   -61.9006     21.446
   24.2000   -43.5000   276.6100   -71.2355     20.000   219.4755   -62.0390     21.440
   24.1000   -43.4000   276.6306   -71.3589     20.000   219.2869   -62.1130     21.441
   24.0000   -43.4000   276.8220   -71.3982     20.000   219.2899   -62.1775     21.433
   23.9000   -43.3000   276.8454   -71.5216     20.000   219.1000   -62.2515     21.434
   23.8000   -43.2000   276.8699   -71.6451     20.000   218.9092   -62.3253     21.435
   23.7000   -43.1000   276.8955   -71.7686     20.000   218.7176   -62.3990     21.435
   23.5000   -43.0000   277.1217   -71.9311     20.000   218.5267   -62.5375     21.428
   23.4000   -42.9000   277.1514   -72.0547     20.000   218.3329   -62.6110     21.429
   23.3000   -42.9000   277.3538   -72.0932     20.000   218.3344   -62.6760     21.421
   23.2000   -42.8000   277.3867   -72.2168     20.000   218.1392   -62.7495     21.422
   23.1000   -42.7000   277.4208   -72.3404     20.000   217.9432   -62.8228     21.423
   23.0000   -42.6000   277.4562   -72.4641     20.000   217.7462   -62.8959     21.423
   22.9000   -42.5000   277.4929   -72.5878     20.000   217.5483   -62.9689     21.424
   22.8000   -42.5000   277.7041   -72.6259     20.000   217.5484   -63.0344     21.416
   22.7000   -42.4000   277.7442   -72.7496     20.000   217.3491   -63.1073     21.416
   22.6000   -42.3000   277.7857   -72.8734     20.000   217.1488   -63.1801     21.417
   22.4000   -42.2000   278.0472   -73.0347     20.000   216.9466   -63.3185     21.409
   22.3000   -42.1000   278.0937   -73.1585     20.000   216.7440   -63.3911     21.410
   22.2000   -42.1000   278.3155   -73.1957     20.000   216.7426   -63.4569     21.402
   22.1000   -42.0000   278.3658   -73.3194     20.000   216.5386   -63.5294     21.402
   22.0000   -41.9000   278.4176   -73.4432     20.000   216.3336   -63.6017     21.402
   21.9000   -41.8000   278.4711   -73.5669     20.000   216.1276   -63.6739     21.403
   21.8000   -41.7000   278.5263   -73.6907     20.000   215.9205   -63.7459     21.403
   21.7000   -41.6000   278.5832   -73.8145     20.000   215.7124   -63.8177     21.403
   21.6000   -41.6000   278.8175   -73.8511     20.000   215.7090   -63.8840     21.395
   21.5000   -41.5000   278.8785   -73.9748     20.000   215.4994   -63.9557     21.395
   21.5000   -41.4000   278.7021   -74.0622     20.000   215.2931   -63.9607     21.404
   21.4000   -41.3000   278.7643   -74.1861     20.000   215.0819   -64.0320     21.404
   21.3000   -41.2000   278.8284   -74.3100     20.000   214.8697   -64.1030     21.404
   21.2000   -41.2000   279.0726   -74.3462     20.000   214.8643   -64.1697     21.396
   21.1000   -41.1000   279.1411   -74.4700     20.000   214.6505   -64.2407     21.396
   21.0000   -41.0000   279.2116   -74.5938     20.000   214.4356   -64.3114     21.396
   20.9000   -40.9000   279.2842   -74.7177     20.000   214.2197   -64.3820     21.396
   20.8000   -40.8000   279.3588   -74.8415     20.000   214.0026   -64.4524     21.396
   20.7000   -40.8000   279.6150   -74.8769     20.000   213.9953   -64.5194     21.388
   20.6000   -40.7000   279.6945   -75.0007     20.000   213.7766   -64.5897     21.388
   20.6000   -40.6000   279.5145   -75.0892     20.000   213.5652   -64.5925     21.396
   20.5000   -40.5000   279.5957   -75.2131     20.000   213.3448   -64.6622     21.396
   20.4000   -40.4000   279.6792   -75.3369     20.000   213.1233   -64.7318     21.396
   20.3000   -40.4000   279.9468   -75.3719     20.000   213.1139   -64.7992     21.387
   20.2000   -40.3000   280.0356   -75.4956     20.000   212.8907   -64.8685     21.387
   20.1000   -40.2000   280.1269   -75.6193     20.000   212.6664   -64.9377     21.387
   20.1000   -40.1000   279.9440   -75.7085     20.000   212.4520   -64.9391     21.395
   20.0000   -40.0000   280.0372   -75.8323     20.000   212.2259   -65.0077     21.395
   19.9000   -39.9000   280.1330   -75.9561     20.000   211.9987   -65.0761     21.395
   19.8000   -39.9000   280.4162   -75.9904     20.000   211.9864   -65.1439     21.386
   19.7000   -39.8000   280.5180   -76.1141     20.000   211.7575   -65.2122     21.386
   19.7000   -39.7000   280.3327   -76.2037     20.000   211.5407   -65.2123     21.394
   19.6000   -39.6000   280.4368   -76.3275     20.000   211.3100   -65.2800     21.394
   19.5000   -39.5000   280.5437   -76.4512     20.000   211.0781   -65.3475     21.393
   19.4000   -39.5000   280.8403   -76.4849     20.000   211.0634   -65.4155     21.385
   19.4000   -39.4000   280.6535   -76.5750     20.000   210.8450   -65.4147     21.393
   19.3000   -39.3000   280.7664   -76.6986     20.000   210.6107   -65.4817     21.392
   19.2000   -39.2000   280.8824   -76.8223     20.000   210.3752   -65.5484     21.392
   19.1000   -39.1000   281.0016   -76.9459     20.000   210.1384   -65.6149     21.391
   19.1000   -39.1000   281.0016   -76.9459     20.000   210.1384   -65.6149     21.391
   19.0000   -39.0000   281.1241   -77.0695     20.000   209.9005   -65.6811     21.391
   18.9000   -38.9000   281.2500   -77.1930     20.000   209.6613   -65.7471     21.390
   18.9000   -38.8000   281.0581   -77.2836     20.000   209.4401   -65.7442     21.398
   18.8000   -38.7000   281.1869   -77.4072     20.000   209.1992   -65.8096     21.398
   18.7000   -38.6000   281.3194   -77.5308     20.000   208.9569   -65.8747     21.397
   18.7000   -38.6000   281.3194   -77.5308     20.000   208.9569   -65.8747     21.397
   18.6000   -38.5000   281.4556   -77.6544     20.000   208.7135   -65.9395     21.397
   18.5000   -38.4000   281.5956   -77.7778     20.000   208.4688   -66.0040     21.396
   18.5000   -38.3000   281.3990   -77.8688     20.000   208.2455   -65.9994     21.404
   18.4000   -38.2000   281.5424   -77.9924     20.000   207.9990   -66.0633     21.403
   18.3000   -38.2000   281.8875   -78.0246     20.000   207.9756   -66.1322     21.394
   18.3000   -38.1000   281.6900   -78.1159     20.000   207.7513   -66.1270     21.402
   18.2000   -38.0000   281.8417   -78.2393     20.000   207.5022   -66.1903     21.402
   18.2000   -37.9000   281.6408   -78.3306     20.000   207.2776   -66.1843     21.410
   18.1000   -37.8000   281.7964   -78.4541     20.000   207.0267   -66.2470     21.409
   18.0000   -37.8000   282.1582   -78.4860     20.000   207.0004   -66.3161     21.400
   18.0000   -37.7000   281.9565   -78.5776     20.000   206.7746   -66.3094     21.408
   17.9000   -37.6000   282.1212   -78.7009     20.000   206.5212   -66.3715     21.407
   17.9000   -37.5000   281.9159   -78.7925     20.000   206.2952   -66.3641     21.415
   17.8000   -37.4000   282.0850   -78.9160     20.000   206.0400   -66.4255     21.414
   17.7000   -37.4000   282.4651   -78.9474     20.000   206.0106   -66.4947     21.405
   17.7000   -37.3000   282.2591   -79.0393     20.000   205.7835   -66.4866     21.413
   17.6000   -37.2000   282.4383   -79.1625     20.000   205.5258   -66.5474     21.412
   17.6000   -37.1000   282.2285   -79.2545     20.000   205.2985   -66.5385     21.420
   17.5000   -37.0000   282.4127   -79.3778     20.000   205.0389   -66.5986     21.419
   17.5000   -36.9000   282.1990   -79.4698     20.000   204.8114   -66.5890     21.427
   17.4000   -36.9000   282.6024   -79.5010     20.000   204.7781   -66.6584     21.418
   17.4000   -36.8000   282.3884   -79.5931     20.000   204.5501   -66.6484     21.426
   17.3000   -36.7000   282.5835   -79.7164     20.000   204.2875   -66.7074     21.425
   17.3000   -36.6000   282.3654   -79.8086     20.000   204.0593   -66.6967     21.433
   17.2000   -36.5000   282.5662   -79.9319     20.000   203.7949   -66.7551     21.432
   17.2000   -36.5000   282.5662   -79.9319     20.000   203.7949   -66.7551     21.432
   17.1000   -36.4000   282.7733   -80.0551     20.000   203.5292   -66.8131     21.431
   17.1000   -36.3000   282.5506   -80.1475     20.000   203.3005   -66.8012     21.438
   17.0000   -36.2000   282.7639   -80.2707     20.000   203.0330   -66.8585     21.437
   17.0000   -36.1000   282.5368   -80.3631     20.000   202.8042   -66.8459     21.445
   16.9000   -36.1000   282.9839   -80.3938     20.000   202.7643   -66.9154     21.436
   16.9000   -36.0000   282.7566   -80.4864     20.000   202.5350   -66.9024     21.444
   16.8000   -35.9000   282.9835   -80.6095     20.000   202.2646   -66.9586     21.443
   16.8000   -35.8000   282.7515   -80.7022     20.000   202.0352   -66.9448     21.451
   16.7000   -35.7000   282.9856   -80.8254     20.000   201.7630   -67.0003     21.449
   16.7000   -35.6000   282.7487   -80.9180     20.000   201.5337   -66.9858     21.457
   16.7000   -35.6000   282.7487   -80.9180     20.000   201.5337   -66.9858     21.457
   16.6000   -35.5000   282.9904   -81.0413     20.000   201.2598   -67.0404     21.456
   16.6000   -35.4000   282.7485   -81.1340     20.000   201.0304   -67.0251     21.464
   16.5000   -35.3000   282.9981   -81.2572     20.000   200.7549   -67.0790     21.462
   16.5000   -35.2000   282.7509   -81.3500     20.000   200.5256   -67.0630     21.470
   16.4000   -35.2000   283.2563   -81.3803     20.000   200.4781   -67.1326     21.461
   16.4000   -35.1000   283.0090   -81.4733     20.000   200.2484   -67.1161     21.469
   16.4000   -35.0000   282.7562   -81.5661     20.000   200.0191   -67.0993     21.476
   16.3000   -34.9000   283.0232   -81.6894     20.000   199.7404   -67.1516     21.475
   16.3000   -34.8000   282.7646   -81.7822     20.000   199.5112   -67.1340     21.483
   16.2000   -34.8000   283.2996   -81.8125     20.000   199.4603   -67.2036     21.474
   16.2000   -34.7000   283.0410   -81.9056     20.000   199.2308   -67.1856     21.481
   16.2000   -34.6000   282.7764   -81.9985     20.000   199.0018   -67.1672     21.489
   16.1000   -34.5000   283.0627   -82.1218     20.000   198.7198   -67.2179     21.488
   16.1000   -34.4000   282.7917   -82.2148     20.000   198.4909   -67.1988     21.495
   16.1000   -34.4000   282.7917   -82.2148     20.000   198.4909   -67.1988     21.495
   16.0000   -34.3000   283.0885   -82.3382     20.000   198.2074   -67.2487     21.494
   16.0000   -34.2000   282.8109   -82.4311     20.000   197.9787   -67.2288     21.502
   16.0000   -34.1000   282.5264   -82.5239     20.000   197.7506   -67.2085     21.509
   15.9000   -34.0000   282.8343   -82.6476     20.000   197.4653   -67.2573     21.508
   15.9000   -33.9000   282.5424   -82.7404     20.000   197.2373   -67.2362     21.516
   15.9000   -33.9000   282.5424   -82.7404     20.000   197.2373   -67.2362     21.516
   15.8000   -33.8000   282.8623   -82.8641     20.000   196.9506   -67.2841     21.514
   15.8000   -33.7000   282.5625   -82.9570     20.000   196.7229   -67.2623     21.522
   15.8000   -33.6000   282.2548   -83.0497     20.000   196.4958   -67.2401     21.529
   15.7000   -33.5000   282.5873   -83.1736     20.000   196.2074   -67.2867     21.528
   15.7000   -33.5000   282.5873   -83.1736     20.000   196.2074   -67.2867     21.528
   15.7000   -33.4000   282.2708   -83.2664     20.000   195.9806   -67.2637     21.535
   15.6000   -33.3000   282.6169   -83.3903     20.000   195.6908   -67.3095     21.534
   15.6000   -33.2000   282.2912   -83.4831     20.000   195.4644   -67.2858     21.541
   15.6000   -33.1000   281.9561   -83.5757     20.000   195.2385   -67.2617     21.549
   15.5000   -33.1000   282.6521   -83.6071     20.000   195.1731   -67.3307     21.540
   15.5000   -33.0000   282.3165   -83.7000     20.000   194.9472   -67.3062     21.547
   15.5000   -32.9000   281.9710   -83.7926     20.000   194.7217   -67.2813     21.555
   15.4000   -32.8000   282.3473   -83.9168     20.000   194.4290   -67.3250     21.553
   15.4000   -32.7000   281.9906   -84.0095     20.000   194.2041   -67.2994     21.561
   15.4000   -32.6000   281.6227   -84.1020     20.000   193.9797   -67.2734     21.569
   15.4000   -32.6000   281.6227   -84.1020     20.000   193.9797   -67.2734     21.569
   15.3000   -32.5000   282.0154   -84.2265     20.000   193.6856   -67.3158     21.567
   15.3000   -32.4000   281.6348   -84.3191     20.000   193.4618   -67.2890     21.575
   15.3000   -32.3000   281.2417   -84.4113     20.000   193.2385   -67.2619     21.582
   15.3000   -32.2000   280.8354   -84.5033     20.000   193.0159   -67.2344     21.590
   15.2000   -32.2000   281.6518   -84.5362     20.000   192.9431   -67.3030     21.580
   15.2000   -32.1000   281.2440   -84.6285     20.000   192.7205   -67.2751     21.588
   15.2000   -32.0000   280.8221   -84.7205     20.000   192.4984   -67.2469     21.596
   15.2000   -31.9000   280.3852   -84.8122     20.000   192.2770   -67.2183     21.603
   15.1000   -31.8000   280.8118   -84.9377     20.000   191.9803   -67.2577     21.601
   15.1000   -31.8000   280.8118   -84.9377     20.000   191.9803   -67.2577     21.601
   15.1000   -31.7000   280.3567   -85.0295     20.000   191.7595   -67.2283     21.609
   15.1000   -31.6000   279.8845   -85.1209     20.000   191.5394   -67.1986     21.617
   15.0000   -31.5000   280.3300   -85.2469     20.000   191.2416   -67.2367     21.615
   15.0000   -31.4000   279.8364   -85.3383     20.000   191.0221   -67.2063     21.622
   15.0000   -31.4000   279.8364   -85.3383     20.000   191.0221   -67.2063     21.622
   15.0000   -31.3000   279.3231   -85.4294     20.000   190.8034   -67.1755     21.630
   14.9000   -31.2000   279.7882   -85.5557     20.000   190.5045   -67.2123     21.628
   14.9000   -31.1000   279.2495   -85.6468     20.000   190.2865   -67.1808     21.636
   14.9000   -31.0000   278.6877   -85.7375     20.000   190.0691   -67.1489     21.643
   14.9000   -30.9000   278.1017   -85.8277     20.000   189.8524   -67.1167     21.651
   14.9000   -30.9000   278.1017   -85.8277     20.000   189.8524   -67.1167     21.651
   14.8000   -30.8000   278.5806   -85.9550     20.000   189.5527   -67.1517     21.649
   14.8000   -30.7000   277.9612   -86.0451     20.000   189.3367   -67.1188     21.656
   14.8000   -30.6000   277.3130   -86.1348     20.000   189.1215   -67.0855     21.664
   14.8000   -30.5000   276.6341   -86.2240     20.000   188.9070   -67.0519     21.672
   14.8000   -30.5000   276.6341   -86.2240     20.000   188.9070   -67.0519     21.672
   14.7000   -30.4000   277.1205   -86.3523     20.000   188.6066   -67.0852     21.670
   14.7000   -30.3000   276.3966   -86.4413     20.000   188.3929   -67.0509     21.677
   14.7000   -30.2000   275.6358   -86.5298     20.000   188.1800   -67.0162     21.685
   14.7000   -30.1000   274.8354   -86.6176     20.000   187.9678   -66.9812     21.692
   14.7000   -30.1000   274.8354   -86.6176     20.000   187.9678   -66.9812     21.692
   14.6000   -30.0000   275.3170   -86.7469     20.000   187.6667   -67.0128     21.690
   14.6000   -29.9000   274.4544   -86.8344     20.000   187.4554   -66.9771     21.698
   14.6000   -29.8000   273.5429   -86.9213     20.000   187.2448   -66.9411     21.705
   14.6000   -29.7000   272.5788   -87.0072     20.000   187.0350   -66.9047     21.713
   14.6000   -29.6000   271.5581   -87.0923     20.000   186.8259   -66.8681     21.721
   14.6000   -29.6000   271.5581   -87.0923     20.000   186.8259   -66.8681     21.721
   14.5000   -29.5000   271.9788   -87.2232     20.000   186.5246   -66.8975     21.718
   14.5000   -29.4000   270.8590   -87.3078     20.000   186.3164   -66.8601     21.726
   14.5000   -29.3000   269.6672   -87.3912     20.000   186.1090   -66.8224     21.733
   14.5000   -29.2000   268.3972   -87.4735     20.000   185.9024   -66.7845     21.741
   14.5000   -29.2000   268.3972   -87.4735     20.000   185.9024   -66.7845     21.741
   14.5000   -29.1000   267.0425   -87.5544     20.000   185.6965   -66.7462     21.749
   14.4000   -29.0000   267.3020   -87.6868     20.000   185.3952   -66.7734     21.746
   14.4000   -28.9000   265.7807   -87.7665     20.000   185.1903   -66.7344     21.754
   14.4000   -28.8000   264.1481   -87.8446     20.000   184.9862   -66.6951     21.761
   14.4000   -28.8000   264.1481   -87.8446     20.000   184.9862   -66.6951     21.761
   14.4000   -28.7000   262.3945   -87.9208     20.000   184.7829   -66.6556     21.769
   14.4000   -28.6000   260.5094   -87.9948     20.000   184.5804   -66.6157     21.776
   14.4000   -28.5000   258.4821   -88.0666     20.000   184.3786   -66.5755     21.784
   14.3000   -28.4000   258.1996   -88.1994     20.000   184.0777   -66.6002     21.782
   14.3000   -28.4000   258.1996   -88.1994     20.000   184.0777   -66.6002     21.782
   14.3000   -28.3000   255.8427   -88.2682     20.000   183.8770   -66.5593     21.789
   14.3000   -28.2000   253.2958   -88.3338     20.000   183.6771   -66.5182     21.797
   14.3000   -28.1000   250.5462   -88.3958     20.000   183.4780   -66.4767     21.804
   14.3000   -28.0000   247.5830   -88.4538     20.000   183.2796   -66.4350     21.812
   14.3000   -27.9000   244.3980   -88.5074     20.000   183.0821   -66.3930     21.819
   14.3000   -27.9000   244.3980   -88.5074     20.000   183.0821   -66.3930     21.819
   14.2000   -27.8000   242.6959   -88.6340     20.000   182.7819   -66.4152     21.817
   14.2000   -27.7000   238.9024   -88.6798     20.000   182.5855   -66.3725     21.824
   14.2000   -27.6000   234.8554   -88.7194     20.000   182.3898   -66.3295     21.832
   14.2000   -27.5000   230.5729   -88.7523     20.000   182.1950   -66.2862     21.839
   14.2000   -27.5000   230.5729   -88.7523     20.000   182.1950   -66.2862     21.839
   14.2000   -27.4000   226.0854   -88.7778     20.000   182.0009   -66.2427     21.847
   14.2000   -27.3000   221.4363   -88.7956     20.000   181.8077   -66.1989     21.854
   14.2000   -27.2000   216.6806   -88.8052     20.000   181.6152   -66.1548     21.862
   14.1000   -27.1000   211.7492   -88.8955     20.000   181.3165   -66.1742     21.859
   14.1000   -27.1000   211.7492   -88.8955     20.000   181.3165   -66.1742     21.859
   14.1000   -27.0000   206.5923   -88.8879     20.000   181.1252   -66.1295     21.867
   14.1000   -26.9000   201.5450   -88.8715     20.000   180.9347   -66.0845     21.874
   14.1000   -26.8000   196.6788   -88.8466     20.000   180.7450   -66.0392     21.882
   14.1000   -26.7000   192.0496   -88.8138     20.000   180.5561   -65.9937     21.889
   14.1000   -26.6000   187.6960   -88.7738     20.000   180.3680   -65.9479     21.897
   14.1000   -26.6000   187.6960   -88.7738     20.000   180.3680   -65.9479     21.897
   14.1000   -26.5000   183.6399   -88.7270     20.000   180.1807   -65.9018     21.904
   14.0000   -26.4000   177.6199   -88.7481     20.000   179.8837   -65.9184     21.901
   14.0000   -26.3000   174.0791   -88.6870     20.000   179.6976   -65.8717     21.909
   14.0000   -26.2000   170.8639   -88.6214     20.000   179.5123   -65.8247     21.916
   14.0000   -26.2000   170.8639   -88.6214     20.000   179.5123   -65.8247     21.916
   14.0000   -26.1000   167.9489   -88.5519     20.000   179.3278   -65.7775     21.924
   14.0000   -26.0000   165.3071   -88.4790     20.000   179.1441   -65.7301     21.931
   14.0000   -25.9000   162.9116   -88.4031     20.000   178.9613   -65.6824     21.939
   14.0000   -25.8000   160.7367   -88.3247     20.000   178.7792   -65.6345     21.946
   14.0000   -25.8000   160.7367   -88.3247     20.000   178.7792   -65.6345     21.946
   14.0000   -25.7000   158.7588   -88.2441     20.000   178.5979   -65.5863     21.954
   13.9000   -25.6000   154.5494   -88.2099     20.000   178.3033   -65.5996     21.951
   13.9000   -25.5000   152.9692   -88.1236     20.000   178.1233   -65.5509     21.958
   13.9000   -25.4000   151.5289   -88.0360     20.000   177.9441   -65.5018     21.966
   13.9000   -25.4000   151.5289   -88.0360     20.000   177.9441   -65.5018     21.966
   13.9000   -25.3000   150.2123   -87.9472     20.000   177.7657   -65.4525     21.973
   13.9000   -25.2000   149.0053   -87.8575     20.000   177.5880   -65.4030     21.981
   13.9000   -25.1000   147.8957   -87.7669     20.000   177.4112   -65.3533     21.988
   13.9000   -25.0000   146.8729   -87.6756     20.000   177.2352   -65.3033     21.995
   13.9000   -24.9000   145.9278   -87.5835     20.000   177.0599   -65.2531     22.003
   13.9000   -24.9000   145.9278   -87.5835     20.000   177.0599   -65.2531     22.003
   13.8000   -24.8000   143.1000   -87.5230     20.000   176.7682   -65.2634     22.000
   13.8000   -24.7000   142.3465   -87.4286     20.000   176.5942   -65.2126     22.007
   13.8000   -24.6000   141.6465   -87.3339     20.000   176.4211   -65.1615     22.015
   13.8000   -24.5000   140.9945   -87.2388     20.000   176.2487   -65.1103     22.022
   13.8000   -24.5000   140.9945   -87.2388     20.000   176.2487   -65.1103     22.022
   13.8000   -24.4000   140.3861   -87.1433     20.000   176.0771   -65.0588     22.030
   13.8000   -24.3000   139.8170   -87.0476     20.000   175.9063   -65.0071     22.037
   13.8000   -24.2000   139.2836   -86.9516     20.000   175.7363   -64.9552     22.044
   13.8000   -24.1000   138.7829   -86.8553     20.000   175.5671   -64.9030     22.052
   13.8000   -24.1000   138.7829   -86.8553     20.000   175.5671   -64.9030     22.052
   13.8000   -24.0000   138.3119   -86.7588     20.000   175.3986   -64.8507     22.059
   13.8000   -23.9000   137.8681   -86.6621     20.000   175.2309   -64.7981     22.067
   13.7000   -23.8000   135.9591   -86.5864     20.000   174.9434   -64.8046     22.064
   13.7000   -23.7000   135.6010   -86.4887     20.000   174.7770   -64.7515     22.071
   13.7000   -23.6000   135.2624   -86.3910     20.000   174.6114   -64.6982     22.078
   13.7000   -23.6000   135.2624   -86.3910     20.000   174.6114   -64.6982     22.078
   13.7000   -23.5000   134.9416   -86.2931     20.000   174.4466   -64.6446     22.086
   13.7000   -23.4000   134.6373   -86.1951     20.000   174.2826   -64.5909     22.093
   13.7000   -23.3000   134.3483   -86.0970     20.000   174.1193   -64.5369     22.100
   13.7000   -23.2000   134.0734   -85.9988     20.000   173.9568   -64.4827     22.108
   13.7000   -23.2000   134.0734   -85.9988     20.000   173.9568   -64.4827     22.108
   13.7000   -23.1000   133.8117   -85.9005     20.000   173.7951   -64.4284     22.115
   13.7000   -23.0000   133.5622   -85.8022     20.000   173.6341   -64.3738     22.122
   13.7000   -22.9000   133.3241   -85.7037     20.000   173.4739   -64.3190     22.130
   13.6000   -22.8000   131.9072   -85.6200     20.000   173.1910   -64.3220     22.127
   13.6000   -22.8000   131.9072   -85.6200     20.000   173.1910   -64.3220     22.127
   13.6000   -22.7000   131.7143   -85.5212     20.000   173.0321   -64.2667     22.134
   13.6000   -22.6000   131.5298   -85.4222     20.000   172.8739   -64.2112     22.141
   13.6000   -22.5000   131.3530   -85.3232     20.000   172.7166   -64.1555     22.149
   13.6000   -22.4000   131.1836   -85.2242     20.000   172.5599   -64.0996     22.156
   13.6000   -22.4000   131.1836   -85.2242     20.000   172.5599   -64.0996     22.156
   13.6000   -22.3000   131.0210   -85.1252     20.000   172.4041   -64.0435     22.163
   13.6000   -22.2000   130.8649   -85.0261     20.000   172.2489   -63.9873     22.171
   13.6000   -22.1000   130.7149   -84.9269     20.000   172.0946   -63.9308     22.178
   13.6000   -22.0000   130.5706   -84.8278     20.000   171.9409   -63.8742     22.185
   13.6000   -21.9000   130.4317   -84.7286     20.000   171.7881   -63.8174     22.193
   13.5000   -21.9000   129.4277   -84.7394     20.000   171.6623   -63.8740     22.182
   13.5000   -21.8000   129.3115   -84.6400     20.000   171.5100   -63.8169     22.189
   13.5000   -21.7000   129.1996   -84.5405     20.000   171.3584   -63.7595     22.197
   13.5000   -21.6000   129.0916   -84.4411     20.000   171.2075   -63.7020     22.204
   13.5000   -21.5000   128.9874   -84.3416     20.000   171.0574   -63.6444     22.211
   13.5000   -21.5000   128.9874   -84.3416     20.000   171.0574   -63.6444     22.211
   13.5000   -21.4000   128.8869   -84.2421     20.000   170.9080   -63.5865     22.219
   13.5000   -21.3000   128.7897   -84.1426     20.000   170.7594   -63.5285     22.226
   13.5000   -21.2000   128.6957   -84.0431     20.000   170.6115   -63.4703     22.233
   13.5000   -21.1000   128.6049   -83.9435     20.000   170.4643   -63.4119     22.240
   13.5000   -21.1000   128.6049   -83.9435     20.000   170.4643   -63.4119     22.240
   13.5000   -21.0000   128.5170   -83.8439     20.000   170.3178   -63.3534     22.248
   13.5000   -20.9000   128.4318   -83.7444     20.000   170.1720   -63.2947     22.255
   13.4000   -20.8000   127.5072   -83.6525     20.000   169.8991   -63.2908     22.252
   13.4000   -20.7000   127.4396   -83.5528     20.000   169.7546   -63.2316     22.259
   13.4000   -20.6000   127.3740   -83.4531     20.000   169.6108   -63.1722     22.266
   13.4000   -20.6000   127.3740   -83.4531     20.000   169.6108   -63.1722     22.266
   13.4000   -20.5000   127.3104   -83.3534     20.000   169.4678   -63.1127     22.273
   13.4000   -20.4000   127.2486   -83.2536     20.000   169.3254   -63.0530     22.281
   13.4000   -20.3000   127.1887   -83.1539     20.000   169.1838   -62.9932     22.288
   13.4000   -20.2000   127.1304   -83.0541     20.000   169.0429   -62.9332     22.295
   13.4000   -20.2000   127.1304   -83.0541     20.000   169.0429   -62.9332     22.295
   13.4000   -20.1000   127.0738   -82.9544     20.000   168.9026   -62.8730     22.302
   13.4000   -20.0000   127.0188   -82.8546     20.000   168.7631   -62.8127     22.309
   13.3000   -19.9000   126.2207   -82.7605     20.000   168.4948   -62.8059     22.306
   13.3000   -19.8000   126.1782   -82.6606     20.000   168.3566   -62.7451     22.313
   13.3000   -19.8000   126.1782   -82.6606     20.000   168.3566   -62.7451     22.313
   13.3000   -19.7000   126.1369   -82.5608     20.000   168.2190   -62.6842     22.321
   13.3000   -19.6000   126.0966   -82.4609     20.000   168.0821   -62.6231     22.328
   13.3000   -19.5000   126.0574   -82.3611     20.000   167.9459   -62.5618     22.335
   13.3000   -19.4000   126.0191   -82.2612     20.000   167.8103   -62.5005     22.342
   13.3000   -19.4000   126.0191   -82.2612     20.000   167.8103   -62.5005     22.342
   13.3000   -19.3000   125.9819   -82.1613     20.000   167.6755   -62.4389     22.349
   13.3000   -19.2000   125.9455   -82.0614     20.000   167.5413   -62.3773     22.357
   13.3000   -19.1000   125.9101   -81.9616     20.000   167.4077   -62.3154     22.364
   13.2000   -19.0000   125.2081   -81.8657     20.000   167.1444   -62.3058     22.360
   13.2000   -18.9000   125.1820   -81.7658     20.000   167.0121   -62.2435     22.368
   13.2000   -18.9000   125.1820   -81.7658     20.000   167.0121   -62.2435     22.368
   13.2000   -18.8000   125.1565   -81.6659     20.000   166.8805   -62.1811     22.375
   13.2000   -18.7000   125.1316   -81.5659     20.000   166.7496   -62.1186     22.382
   13.2000   -18.6000   125.1073   -81.4660     20.000   166.6193   -62.0559     22.389
   13.2000   -18.5000   125.0836   -81.3661     20.000   166.4897   -61.9931     22.396
   13.2000   -18.5000   125.0836   -81.3661     20.000   166.4897   -61.9931     22.396
   13.2000   -18.4000   125.0604   -81.2661     20.000   166.3607   -61.9302     22.403
   13.2000   -18.3000   125.0377   -81.1662     20.000   166.2324   -61.8671     22.410
   13.1000   -18.2000   124.4039   -81.0690     20.000   165.9733   -61.8550     22.407
   13.1000   -18.1000   124.3886   -80.9690     20.000   165.8462   -61.7915     22.414
   13.1000   -18.1000   124.3886   -80.9690     20.000   165.8462   -61.7915     22.414
   13.1000   -18.0000   124.3736   -80.8691     20.000   165.7198   -61.7279     22.421
   13.1000   -17.9000   124.3589   -80.7691     20.000   165.5940   -61.6641     22.428
   13.1000   -17.8000   124.3446   -80.6691     20.000   165.4688   -61.6002     22.435
   13.1000   -17.7000   124.3305   -80.5691     20.000   165.3442   -61.5362     22.443
   13.1000   -17.6000   124.3167   -80.4692     20.000   165.2203   -61.4720     22.450
   13.1000   -17.6000   124.3167   -80.4692     20.000   165.2203   -61.4720     22.450
   13.1000   -17.5000   124.3033   -80.3692     20.000   165.0970   -61.4078     22.457
   13.0000   -17.4000   123.7255   -80.2709     20.000   164.8423   -61.3933     22.453
   13.0000   -17.3000   123.7179   -80.1709     20.000   164.7203   -61.3286     22.460
   13.0000   -17.2000   123.7105   -80.0709     20.000   164.5988   -61.2638     22.467
   13.0000   -17.2000   123.7105   -80.0709     20.000   164.5988   -61.2638     22.467
   13.0000   -17.1000   123.7033   -79.9709     20.000   164.4780   -61.1989     22.475
   13.0000   -17.0000   123.6961   -79.8709     20.000   164.3577   -61.1339     22.482
   13.0000   -16.9000   123.6891   -79.7709     20.000   164.2381   -61.0687     22.489
   13.0000   -16.8000   123.6823   -79.6709     20.000   164.1191   -61.0034     22.496
   13.0000   -16.8000   123.6823   -79.6709     20.000   164.1191   -61.0034     22.496
   12.9000   -16.7000   123.1464   -79.5717     20.000   163.8682   -60.9869     22.492
   12.9000   -16.6000   123.1445   -79.4717     20.000   163.7504   -60.9212     22.499
   12.9000   -16.5000   123.1426   -79.3717     20.000   163.6332   -60.8555     22.506
   12.9000   -16.4000   123.1408   -79.2717     20.000   163.5165   -60.7896     22.513
   12.9000   -16.4000   123.1408   -79.2717     20.000   163.5165   -60.7896     22.513
   12.9000   -16.3000   123.1390   -79.1717     20.000   163.4005   -60.7236     22.520
   12.9000   -16.2000   123.1372   -79.0717     20.000   163.2851   -60.6575     22.527
   12.9000   -16.1000   123.1355   -78.9717     20.000   163.1702   -60.5913     22.534
   12.8000   -16.0000   122.6358   -78.8716     20.000   162.9231   -60.5728     22.531
   12.8000   -15.9000   122.6382   -78.7716     20.000   162.8094   -60.5062     22.538
   12.8000   -15.9000   122.6382   -78.7716     20.000   162.8094   -60.5062     22.538
   12.8000   -15.8000   122.6406   -78.6716     20.000   162.6963   -60.4395     22.545
   12.8000   -15.7000   122.6430   -78.5716     20.000   162.5838   -60.3727     22.552
   12.8000   -15.6000   122.6453   -78.4716     20.000   162.4719   -60.3058     22.559
   12.8000   -15.5000   122.6476   -78.3716     20.000   162.3605   -60.2388     22.566
   12.8000   -15.5000   122.6476   -78.3716     20.000   162.3605   -60.2388     22.566
   12.7000   -15.4000   122.1756   -78.2708     20.000   162.1166   -60.2185     22.562
   12.7000   -15.3000   122.1816   -78.1708     20.000   162.0064   -60.1512     22.569
   12.7000   -15.2000   122.1874   -78.0708     20.000   161.8967   -60.0837     22.576
   12.7000   -15.1000   122.1932   -77.9708     20.000   161.7876   -60.0162     22.583
   12.7000   -15.1000   122.1932   -77.9708     20.000   161.7876   -60.0162     22.583
   12.7000   -15.0000   122.1988   -77.8708     20.000   161.6791   -59.9485     22.590
   12.7000   -14.9000   122.2044   -77.7708     20.000   161.5710   -59.8807     22.597
   12.6000   -14.8000   121.7572   -77.6694     20.000   161.3304   -59.8589     22.593
   12.6000   -14.7000   121.7659   -77.5694     20.000   161.2236   -59.7908     22.600
   12.6000   -14.6000   121.7746   -77.4694     20.000   161.1173   -59.7226     22.607
   12.6000   -14.6000   121.7746   -77.4694     20.000   161.1173   -59.7226     22.607
   12.6000   -14.5000   121.7831   -77.3694     20.000   161.0115   -59.6543     22.614
   12.6000   -14.4000   121.7914   -77.2695     20.000   160.9062   -59.5859     22.621
   12.6000   -14.3000   121.7997   -77.1695     20.000   160.8015   -59.5174     22.628
   12.5000   -14.2000   121.3747   -77.0674     20.000   160.5642   -59.4939     22.624
   12.5000   -14.2000   121.3747   -77.0674     20.000   160.5642   -59.4939     22.624
   12.5000   -14.1000   121.3857   -76.9674     20.000   160.4606   -59.4251     22.631
   12.5000   -14.0000   121.3966   -76.8675     20.000   160.3575   -59.3562     22.638
   12.5000   -13.9000   121.4074   -76.7675     20.000   160.2550   -59.2872     22.645
   12.5000   -13.8000   121.4180   -76.6675     20.000   160.1530   -59.2181     22.652
   12.4000   -13.8000   120.9970   -76.6648     20.000   160.0197   -59.2625     22.641
   12.4000   -13.7000   121.0103   -76.5649     20.000   159.9182   -59.1932     22.648
   12.4000   -13.6000   121.0235   -76.4649     20.000   159.8173   -59.1239     22.655
   12.4000   -13.5000   121.0364   -76.3650     20.000   159.7169   -59.0544     22.662
   12.4000   -13.4000   121.0492   -76.2650     20.000   159.6171   -58.9848     22.669
   12.4000   -13.4000   121.0492   -76.2650     20.000   159.6171   -58.9848     22.669
   12.4000   -13.3000   121.0617   -76.1651     20.000   159.5177   -58.9152     22.676
   12.3000   -13.2000   120.6701   -76.0619     20.000   159.2856   -58.8889     22.672
   12.3000   -13.1000   120.6850   -75.9620     20.000   159.1873   -58.8190     22.679
   12.3000   -13.0000   120.6996   -75.8620     20.000   159.0895   -58.7490     22.686
   12.3000   -12.9000   120.7141   -75.7621     20.000   158.9923   -58.6788     22.693
   12.3000   -12.9000   120.7141   -75.7621     20.000   158.9923   -58.6788     22.693
   12.3000   -12.8000   120.7284   -75.6622     20.000   158.8955   -58.6086     22.700
   12.2000   -12.7000   120.3515   -75.5585     20.000   158.6660   -58.5811     22.696
   12.2000   -12.6000   120.3679   -75.4586     20.000   158.5703   -58.5106     22.703
   12.2000   -12.5000   120.3840   -75.3587     20.000   158.4751   -58.4400     22.709
   12.2000   -12.5000   120.3840   -75.3587     20.000   158.4751   -58.4400     22.709
   12.2000   -12.4000   120.3999   -75.2588     20.000   158.3803   -58.3694     22.716
   12.1000   -12.3000   120.0346   -75.1547     20.000   158.1529   -58.3408     22.712
   12.1000   -12.2000   120.0525   -75.0548     20.000   158.0592   -58.2698     22.719
   12.1000   -12.1000   120.0701   -74.9549     20.000   157.9660   -58.1988     22.726
   12.1000   -12.1000   120.0701   -74.9549     20.000   157.9660   -58.1988     22.726
   12.1000   -12.0000   120.0875   -74.8550     20.000   157.8733   -58.1277     22.733
   12.1000   -11.9000   120.1047   -74.7551     20.000   157.7810   -58.0566     22.740
   12.0000   -11.8000   119.7522   -74.6505     20.000   157.5562   -58.0267     22.736
   12.0000   -11.7000   119.7711   -74.5506     20.000   157.4650   -57.9552     22.743
   12.0000   -11.6000   119.7898   -74.4508     20.000   157.3743   -57.8837     22.749
   12.0000   -11.6000   119.7898   -74.4508     20.000   157.3743   -57.8837     22.749
   12.0000   -11.5000   119.8083   -74.3509     20.000   157.2840   -57.8121     22.756
   11.9000   -11.4000   119.4659   -74.2459     20.000   157.0612   -57.7812     22.752
   11.9000   -11.3000   119.4860   -74.1461     20.000   156.9720   -57.7094     22.759
   11.9000   -11.2000   119.5058   -74.0462     20.000   156.8832   -57.6374     22.766
   11.9000   -11.2000   119.5058   -74.0462     20.000   156.8832   -57.6374     22.766
   11.9000   -11.1000   119.5254   -73.9464     20.000   156.7948   -57.5654     22.772
   11.8000   -11.0000   119.1926   -73.8410     20.000   156.5741   -57.5335     22.768
   11.8000   -10.9000   119.2137   -73.7411     20.000   156.4868   -57.4612     22.775
   11.8000   -10.8000   119.2346   -73.6413     20.000   156.3999   -57.3889     22.782
   11.8000   -10.8000   119.2346   -73.6413     20.000   156.3999   -57.3889     22.782
   11.8000   -10.7000   119.2552   -73.5415     20.000   156.3134   -57.3165     22.789
   11.7000   -10.6000   118.9314   -73.4357     20.000   156.0948   -57.2835     22.785
   11.7000   -10.5000   118.9534   -73.3359     20.000   156.0093   -57.2109     22.791
   11.7000   -10.4000   118.9752   -73.2361     20.000   155.9243   -57.1382     22.798
   11.7000   -10.4000   118.9752   -73.2361     20.000   155.9243   -57.1382     22.798
   11.7000   -10.3000   118.9967   -73.1363     20.000   155.8397   -57.0654     22.805
   11.6000   -10.2000   118.6814   -73.0302     20.000   155.6231   -57.0314     22.801
   11.6000   -10.1000   118.7042   -72.9304     20.000   155.5395   -56.9584     22.808
   11.6000   -10.0000   118.7268   -72.8306     20.000   155.4563   -56.8853     22.814
   11.6000    -9.9000   118.7491   -72.7308     20.000   155.3736   -56.8121     22.821
   11.5000    -9.9000   118.4181   -72.7241     20.000   155.2412   -56.8505     22.810
   11.5000    -9.8000   118.4420   -72.6243     20.000   155.1590   -56.7772     22.817
   11.5000    -9.7000   118.4655   -72.5246     20.000   155.0772   -56.7038     22.824
   11.5000    -9.6000   118.4888   -72.4248     20.000   154.9958   -56.6303     22.830
   11.5000    -9.5000   118.5118   -72.3251     20.000   154.9149   -56.5568     22.837
   11.4000    -9.5000   118.1879   -72.3180     20.000   154.7827   -56.5946     22.826
   11.4000    -9.4000   118.2123   -72.2182     20.000   154.7023   -56.5209     22.833
   11.4000    -9.3000   118.2365   -72.1185     20.000   154.6223   -56.4471     22.839
   11.4000    -9.2000   118.2604   -72.0188     20.000   154.5428   -56.3733     22.846
   11.3000    -9.1000   117.9669   -71.9116     20.000   154.3317   -56.3366     22.842
   11.3000    -9.1000   117.9669   -71.9116     20.000   154.3317   -56.3366     22.842
   11.3000    -9.0000   117.9919   -71.8119     20.000   154.2530   -56.2626     22.849
   11.3000    -8.9000   118.0166   -71.7122     20.000   154.1748   -56.1885     22.855
   11.3000    -8.8000   118.0411   -71.6125     20.000   154.0970   -56.1144     22.862
   11.2000    -8.7000   117.7546   -71.5050     20.000   153.8879   -56.0767     22.858
   11.2000    -8.6000   117.7801   -71.4053     20.000   153.8110   -56.0023     22.864
   11.2000    -8.6000   117.7801   -71.4053     20.000   153.8110   -56.0023     22.864
   11.2000    -8.5000   117.8053   -71.3056     20.000   153.7345   -55.9279     22.871
   11.1000    -8.4000   117.5243   -71.1978     20.000   153.5268   -55.8895     22.867
   11.1000    -8.3000   117.5505   -71.0982     20.000   153.4513   -55.8148     22.873
   11.1000    -8.2000   117.5764   -70.9985     20.000   153.3761   -55.7401     22.880
   11.1000    -8.2000   117.5764   -70.9985     20.000   153.3761   -55.7401     22.880
   11.0000    -8.1000   117.3006   -70.8904     20.000   153.1699   -55.7010     22.876
   11.0000    -8.0000   117.3275   -70.7908     20.000   153.0956   -55.6260     22.882
   11.0000    -7.9000   117.3540   -70.6912     20.000   153.0217   -55.5511     22.889
   11.0000    -7.8000   117.3803   -70.5915     20.000   152.9482   -55.4761     22.896
   10.9000    -7.8000   117.0834   -70.5827     20.000   152.8170   -55.5112     22.885
   10.9000    -7.7000   117.1108   -70.4831     20.000   152.7440   -55.4360     22.891
   10.9000    -7.6000   117.1379   -70.3835     20.000   152.6714   -55.3608     22.898
   10.9000    -7.5000   117.1648   -70.2839     20.000   152.5991   -55.2855     22.905
   10.8000    -7.4000   116.9002   -70.1752     20.000   152.3964   -55.2447     22.900
   10.8000    -7.4000   116.9002   -70.1752     20.000   152.3964   -55.2447     22.900
   10.8000    -7.3000   116.9278   -70.0757     20.000   152.3251   -55.1692     22.907
   10.7000    -7.2000   116.6669   -69.9666     20.000   152.1233   -55.1278     22.902
   10.7000    -7.1000   116.6953   -69.8671     20.000   152.0528   -55.0521     22.909
   10.7000    -7.0000   116.7235   -69.7676     20.000   151.9827   -54.9764     22.916
   10.7000    -6.9000   116.7514   -69.6680     20.000   151.9129   -54.9006     22.922
   10.6000    -6.9000   116.4672   -69.6582     20.000   151.7823   -54.9343     22.911
   10.6000    -6.8000   116.4961   -69.5587     20.000   151.7131   -54.8583     22.918
   10.6000    -6.7000   116.5247   -69.4592     20.000   151.6442   -54.7824     22.924
   10.6000    -6.6000   116.5531   -69.3597     20.000   151.5757   -54.7064     22.931
   10.5000    -6.5000   116.3021   -69.2502     20.000   151.3773   -54.6634     22.927
   10.5000    -6.5000   116.3021   -69.2502     20.000   151.3773   -54.6634     22.927
   10.5000    -6.4000   116.3312   -69.1507     20.000   151.3096   -54.5872     22.933
   10.5000    -6.3000   116.3600   -69.0512     20.000   151.2423   -54.5109     22.940
   10.4000    -6.2000   116.1133   -68.9414     20.000   151.0453   -54.4672     22.935
   10.4000    -6.1000   116.1427   -68.8420     20.000   150.9789   -54.3908     22.942
   10.4000    -6.1000   116.1427   -68.8420     20.000   150.9789   -54.3908     22.942
   10.3000    -6.0000   115.8993   -68.7318     20.000   150.7829   -54.3465     22.937
   10.3000    -5.9000   115.9293   -68.6324     20.000   150.7172   -54.2699     22.944
   10.3000    -5.8000   115.9591   -68.5330     20.000   150.6519   -54.1933     22.950
   10.3000    -5.7000   115.9887   -68.4336     20.000   150.5870   -54.1166     22.957
   10.2000    -5.6000   115.7501   -68.3233     20.000   150.3929   -54.0715     22.952
   10.2000    -5.6000   115.7501   -68.3233     20.000   150.3929   -54.0715     22.952
   10.2000    -5.5000   115.7802   -68.2239     20.000   150.3288   -53.9946     22.959
   10.1000    -5.4000   115.5447   -68.1133     20.000   150.1356   -53.9490     22.954
   10.1000    -5.3000   115.5754   -68.0139     20.000   150.0723   -53.8719     22.961
   10.1000    -5.2000   115.6058   -67.9146     20.000   150.0093   -53.7948     22.967
   10.0000    -5.2000   115.3428   -67.9031     20.000   149.8801   -53.8257     22.956
   10.0000    -5.1000   115.3740   -67.8037     20.000   149.8176   -53.7485     22.963
   10.0000    -5.0000   115.4050   -67.7044     20.000   149.7555   -53.6712     22.969
   10.0000    -4.9000   115.4357   -67.6051     20.000   149.6936   -53.5939     22.976
    9.9000    -4.8000   115.2076   -67.4940     20.000   149.5033   -53.5469     22.971
    9.9000    -4.8000   115.2076   -67.4940     20.000   149.5033   -53.5469     22.971
    9.9000    -4.7000   115.2388   -67.3948     20.000   149.4423   -53.4695     22.978
    9.8000    -4.6000   115.0135   -67.2834     20.000   149.2529   -53.4220     22.973
    9.8000    -4.5000   115.0453   -67.1842     20.000   149.1927   -53.3443     22.980
    9.8000    -4.4000   115.0767   -67.0849     20.000   149.1327   -53.2666     22.986
    9.7000    -4.4000   114.8227   -67.0726     20.000   149.0042   -53.2963     22.975
    9.7000    -4.3000   114.8549   -66.9733     20.000   148.9448   -53.2185     22.982
    9.7000    -4.2000   114.8868   -66.8741     20.000   148.8857   -53.1406     22.988
    9.6000    -4.1000   114.6676   -66.7623     20.000   148.6986   -53.0919     22.983
    9.6000    -4.0000   114.7000   -66.6631     20.000   148.6403   -53.0139     22.990
    9.6000    -3.9000   114.7321   -66.5640     20.000   148.5822   -52.9359     22.996
    9.6000    -3.9000   114.7321   -66.5640     20.000   148.5822   -52.9359     22.996
    9.5000    -3.8000   114.5162   -66.4519     20.000   148.3966   -52.8865     22.992
    9.5000    -3.7000   114.5488   -66.3528     20.000   148.3393   -52.8084     22.998
    9.5000    -3.6000   114.5811   -66.2536     20.000   148.2823   -52.7301     23.004
    9.4000    -3.5000   114.3684   -66.1414     20.000   148.0981   -52.6801     23.000
    9.4000    -3.5000   114.3684   -66.1414     20.000   148.0981   -52.6801     23.000
    9.4000    -3.4000   114.4011   -66.0423     20.000   148.0419   -52.6018     23.006
    9.3000    -3.3000   114.1909   -65.9298     20.000   147.8586   -52.5513     23.002
    9.3000    -3.2000   114.2240   -65.8307     20.000   147.8031   -52.4727     23.008
    9.3000    -3.1000   114.2568   -65.7316     20.000   147.7479   -52.3942     23.014
    9.2000    -3.1000   114.0162   -65.7180     20.000   147.6207   -52.4217     23.003
    9.2000    -3.0000   114.0497   -65.6190     20.000   147.5660   -52.3431     23.010
    9.2000    -2.9000   114.0829   -65.5199     20.000   147.5116   -52.2643     23.016
    9.1000    -2.8000   113.8781   -65.4071     20.000   147.3306   -52.2127     23.011
    9.1000    -2.7000   113.9116   -65.3080     20.000   147.2769   -52.1339     23.018
    9.1000    -2.6000   113.9450   -65.2090     20.000   147.2235   -52.0550     23.024
    9.0000    -2.6000   113.7092   -65.1949     20.000   147.0968   -52.0818     23.013
    9.0000    -2.5000   113.7431   -65.0960     20.000   147.0439   -52.0027     23.019
    9.0000    -2.4000   113.7767   -64.9970     20.000   146.9912   -51.9237     23.026
    8.9000    -2.3000   113.5771   -64.8837     20.000   146.8125   -51.8710     23.021
    8.9000    -2.2000   113.6111   -64.7847     20.000   146.7606   -51.7918     23.027
    8.9000    -2.2000   113.6111   -64.7847     20.000   146.7606   -51.7918     23.027
    8.8000    -2.1000   113.4136   -64.6712     20.000   146.5828   -51.7386     23.023
    8.8000    -2.0000   113.4479   -64.5723     20.000   146.5316   -51.6593     23.029
    8.8000    -1.9000   113.4820   -64.4734     20.000   146.4807   -51.5800     23.035
    8.7000    -1.8000   113.2873   -64.3597     20.000   146.3042   -51.5261     23.031
    8.7000    -1.8000   113.2873   -64.3597     20.000   146.3042   -51.5261     23.031
    8.6000    -1.7000   113.0941   -64.2458     20.000   146.1282   -51.4720     23.026
    8.6000    -1.6000   113.1290   -64.1470     20.000   146.0784   -51.3924     23.032
    8.6000    -1.5000   113.1637   -64.0481     20.000   146.0289   -51.3128     23.039
    8.5000    -1.4000   112.9731   -63.9341     20.000   145.8543   -51.2580     23.034
    8.5000    -1.4000   112.9731   -63.9341     20.000   145.8543   -51.2580     23.034
    8.5000    -1.3000   113.0081   -63.8352     20.000   145.8055   -51.1782     23.040
    8.4000    -1.2000   112.8196   -63.7210     20.000   145.6317   -51.1230     23.035
    8.4000    -1.1000   112.8547   -63.6222     20.000   145.5837   -51.0431     23.042
    8.4000    -1.0000   112.8897   -63.5234     20.000   145.5358   -50.9632     23.048
    8.3000    -0.9000   112.7037   -63.4090     20.000   145.3634   -50.9074     23.043
    8.3000    -0.9000   112.7037   -63.4090     20.000   145.3634   -50.9074     23.043
    8.3000    -0.8000   112.7389   -63.3102     20.000   145.3163   -50.8274     23.049
    8.2000    -0.7000   112.5548   -63.1956     20.000   145.1448   -50.7711     23.045
    8.2000    -0.6000   112.5903   -63.0969     20.000   145.0983   -50.6909     23.051
    8.1000    -0.5000   112.4081   -62.9821     20.000   144.9277   -50.6342     23.046
    8.1000    -0.5000   112.4081   -62.9821     20.000   144.9277   -50.6342     23.046
    8.1000    -0.4000   112.4438   -62.8834     20.000   144.8819   -50.5539     23.052
    8.0000    -0.3000   112.2636   -62.7684     20.000   144.7122   -50.4967     23.048
    8.0000    -0.2000   112.2994   -62.6698     20.000   144.6671   -50.4163     23.054
    8.0000    -0.1000   112.3351   -62.5711     20.000   144.6222   -50.3359     23.060
    7.9000    -0.1000   112.1211   -62.5546     20.000   144.4983   -50.3586     23.049
    7.9000     0.0000   112.1572   -62.4560     20.000   144.4538   -50.2781     23.055
    7.8000     0.1000   111.9806   -62.3407     20.000   144.2859   -50.2200     23.051
    7.8000     0.2000   112.0169   -62.2421     20.000   144.2421   -50.1394     23.057
    7.8000     0.3000   112.0530   -62.1435     20.000   144.1986   -50.0587     23.063
    7.7000     0.4000   111.8786   -62.0280     20.000   144.0320   -50.0000     23.058
    7.7000     0.4000   111.8786   -62.0280     20.000   144.0320   -50.0000     23.058
    7.7000     0.5000   111.9149   -61.9295     20.000   143.9891   -49.9193     23.064
    7.6000     0.6000   111.7423   -61.8138     20.000   143.8233   -49.8601     23.059
    7.6000     0.7000   111.7787   -61.7153     20.000   143.7811   -49.7793     23.066
    7.5000     0.8000   111.6078   -61.5995     20.000   143.6163   -49.7197     23.061
    7.5000     0.8000   111.6078   -61.5995     20.000   143.6163   -49.7197     23.061
    7.5000     0.9000   111.6444   -61.5010     20.000   143.5747   -49.6387     23.067
    7.4000     1.0000   111.4752   -61.3850     20.000   143.4107   -49.5787     23.062
    7.4000     1.1000   111.5120   -61.2866     20.000   143.3697   -49.4976     23.068
    7.3000     1.2000   111.3445   -61.1704     20.000   143.2067   -49.4372     23.063
    7.3000     1.2000   111.3445   -61.1704     20.000   143.2067   -49.4372     23.063
    7.3000     1.3000   111.3815   -61.0721     20.000   143.1663   -49.3560     23.070
    7.2000     1.4000   111.2156   -60.9557     20.000   143.0041   -49.2951     23.065
    7.2000     1.5000   111.2527   -60.8574     20.000   142.9644   -49.2138     23.071
    7.1000     1.6000   111.0884   -60.7409     20.000   142.8031   -49.1525     23.066
    7.1000     1.6000   111.0884   -60.7409     20.000   142.8031   -49.1525     23.066
    7.1000     1.7000   111.1257   -60.6426     20.000   142.7640   -49.0710     23.072
    7.0000     1.8000   110.9630   -60.5259     20.000   142.6036   -49.0093     23.067
    7.0000     1.9000   111.0004   -60.4276     20.000   142.5651   -48.9278     23.073
    6.9000     2.0000   110.8392   -60.3109     20.000   142.4055   -48.8656     23.069
    6.9000     2.1000   110.8768   -60.2126     20.000   142.3677   -48.7840     23.075
    6.9000     2.1000   110.8768   -60.2126     20.000   142.3677   -48.7840     23.075
    6.8000     2.2000   110.7171   -60.0957     20.000   142.2090   -48.7214     23.070
    6.8000     2.3000   110.7548   -59.9975     20.000   142.1718   -48.6397     23.076
    6.7000     2.4000   110.5967   -59.8804     20.000   142.0139   -48.5767     23.071
    6.7000     2.5000   110.6345   -59.7822     20.000   141.9773   -48.4949     23.077
    6.7000     2.5000   110.6345   -59.7822     20.000   141.9773   -48.4949     23.077
    6.6000     2.6000   110.4779   -59.6650     20.000   141.8203   -48.4315     23.072
    6.6000     2.7000   110.5158   -59.5668     20.000   141.7843   -48.3496     23.078
    6.5000     2.8000   110.3606   -59.4494     20.000   141.6281   -48.2857     23.073
    6.5000     2.9000   110.3987   -59.3513     20.000   141.5927   -48.2037     23.079
    6.5000     2.9000   110.3987   -59.3513     20.000   141.5927   -48.2037     23.079
    6.4000     3.0000   110.2450   -59.2338     20.000   141.4374   -48.1395     23.075
    6.4000     3.1000   110.2831   -59.1357     20.000   141.4026   -48.0574     23.081
    6.3000     3.2000   110.1308   -59.0181     20.000   141.2482   -47.9927     23.076
    6.3000     3.3000   110.1691   -58.9200     20.000   141.2139   -47.9105     23.082
    6.2000     3.4000   110.0181   -58.8022     20.000   141.0603   -47.8455     23.077
    6.2000     3.4000   110.0181   -58.8022     20.000   141.0603   -47.8455     23.077
    6.2000     3.5000   110.0565   -58.7042     20.000   141.0267   -47.7632     23.083
    6.1000     3.6000   109.9070   -58.5863     20.000   140.8739   -47.6977     23.078
    6.1000     3.7000   109.9454   -58.4884     20.000   140.8408   -47.6154     23.084
    6.0000     3.8000   109.7972   -58.3703     20.000   140.6890   -47.5495     23.079
    6.0000     3.8000   109.7972   -58.3703     20.000   140.6890   -47.5495     23.079
    5.9000     3.9000   109.6501   -58.2521     20.000   140.5376   -47.4834     23.074
    5.9000     4.0000   109.6889   -58.1542     20.000   140.5054   -47.4008     23.080
    5.9000     4.1000   109.7275   -58.0563     20.000   140.4734   -47.3183     23.086
    5.8000     4.2000   109.5820   -57.9380     20.000   140.3232   -47.2517     23.081
    5.8000     4.2000   109.5820   -57.9380     20.000   140.3232   -47.2517     23.081
    5.7000     4.3000   109.4375   -57.8195     20.000   140.1735   -47.1847     23.076
    5.7000     4.4000   109.4765   -57.7217     20.000   140.1425   -47.1020     23.082
    5.6000     4.5000   109.3332   -57.6030     20.000   139.9936   -47.0347     23.077
    5.6000     4.6000   109.3723   -57.5053     20.000   139.9631   -46.9519     23.083
    5.6000     4.6000   109.3723   -57.5053     20.000   139.9631   -46.9519     23.083
    5.5000     4.7000   109.2303   -57.3865     20.000   139.8151   -46.8841     23.078
    5.5000     4.8000   109.2695   -57.2888     20.000   139.7852   -46.8013     23.084
    5.4000     4.9000   109.1288   -57.1699     20.000   139.6380   -46.7332     23.079
    5.4000     5.0000   109.1680   -57.0722     20.000   139.6086   -46.6503     23.085
    5.3000     5.1000   109.0285   -56.9533     20.000   139.4622   -46.5818     23.080
    5.3000     5.1000   109.0285   -56.9533     20.000   139.4622   -46.5818     23.080
    5.3000     5.2000   109.0677   -56.8556     20.000   139.4333   -46.4988     23.086
    5.2000     5.3000   108.9295   -56.7365     20.000   139.2878   -46.4299     23.081
    5.2000     5.4000   108.9688   -56.6389     20.000   139.2595   -46.3468     23.087
    5.1000     5.5000   108.8317   -56.5196     20.000   139.1147   -46.2776     23.082
    5.1000     5.5000   108.8317   -56.5196     20.000   139.1147   -46.2776     23.082
    5.0000     5.6000   108.6955   -56.4003     20.000   138.9705   -46.2080     23.077
    5.0000     5.7000   108.7352   -56.3027     20.000   138.9431   -46.1248     23.083
    4.9000     5.8000   108.6002   -56.1833     20.000   138.7996   -46.0549     23.078
    4.9000     5.9000   108.6399   -56.0857     20.000   138.7727   -45.9716     23.084
    4.9000     5.9000   108.6399   -56.0857     20.000   138.7727   -45.9716     23.084
    4.8000     6.0000   108.5060   -55.9662     20.000   138.6301   -45.9013     23.079
    4.8000     6.1000   108.5458   -55.8687     20.000   138.6037   -45.8179     23.085
    4.7000     6.2000   108.4131   -55.7490     20.000   138.4619   -45.7473     23.080
    4.7000     6.3000   108.4528   -55.6515     20.000   138.4360   -45.6639     23.086
    4.6000     6.4000   108.3213   -55.5317     20.000   138.2950   -45.5928     23.081
    4.6000     6.4000   108.3213   -55.5317     20.000   138.2950   -45.5928     23.081
    4.5000     6.5000   108.1906   -55.4118     20.000   138.1545   -45.5215     23.076
    4.5000     6.6000   108.2306   -55.3144     20.000   138.1295   -45.4380     23.082
    4.4000     6.7000   108.1010   -55.1944     20.000   137.9898   -45.3663     23.077
    4.4000     6.8000   108.1411   -55.0970     20.000   137.9653   -45.2827     23.083
    4.4000     6.8000   108.1411   -55.0970     20.000   137.9653   -45.2827     23.083
    4.3000     6.9000   108.0126   -54.9769     20.000   137.8264   -45.2107     23.078
    4.3000     7.0000   108.0527   -54.8796     20.000   137.8023   -45.1270     23.084
    4.2000     7.1000   107.9253   -54.7594     20.000   137.6642   -45.0546     23.079
    4.2000     7.2000   107.9654   -54.6621     20.000   137.6407   -44.9709     23.085
    4.1000     7.2000   107.7986   -54.6390     20.000   137.5266   -44.9819     23.074
    4.1000     7.3000   107.8390   -54.5418     20.000   137.5034   -44.8981     23.080
    4.0000     7.4000   107.7135   -54.4213     20.000   137.3666   -44.8251     23.075
    4.0000     7.5000   107.7538   -54.3241     20.000   137.3439   -44.7413     23.081
    3.9000     7.6000   107.6293   -54.2035     20.000   137.2078   -44.6679     23.076
    3.9000     7.6000   107.6293   -54.2035     20.000   137.2078   -44.6679     23.076
    3.8000     7.7000   107.5056   -54.0828     20.000   137.0723   -44.5942     23.070
    3.8000     7.8000   107.5462   -53.9857     20.000   137.0504   -44.5103     23.076
    3.7000     7.9000   107.4235   -53.8649     20.000   136.9156   -44.4363     23.071
    3.7000     8.0000   107.4642   -53.7678     20.000   136.8942   -44.3523     23.077
    3.7000     8.1000   107.5046   -53.6707     20.000   136.8729   -44.2682     23.083
    3.6000     8.1000   107.3425   -53.6469     20.000   136.7602   -44.2779     23.072
    3.6000     8.2000   107.3831   -53.5499     20.000   136.7393   -44.1938     23.078
    3.5000     8.3000   107.2624   -53.4289     20.000   136.6061   -44.1192     23.073
    3.5000     8.4000   107.3031   -53.3319     20.000   136.5856   -44.0350     23.079
    3.4000     8.5000   107.1833   -53.2108     20.000   136.4532   -43.9600     23.074
    3.4000     8.5000   107.1833   -53.2108     20.000   136.4532   -43.9600     23.074
    3.3000     8.6000   107.0643   -53.0896     20.000   136.3212   -43.8848     23.069
    3.3000     8.7000   107.1052   -52.9927     20.000   136.3015   -43.8005     23.075
    3.2000     8.8000   106.9872   -52.8714     20.000   136.1703   -43.7249     23.070
    3.2000     8.9000   107.0281   -52.7745     20.000   136.1511   -43.6406     23.076
    3.1000     8.9000   106.8699   -52.7500     20.000   136.0396   -43.6490     23.065
    3.1000     9.0000   106.9110   -52.6532     20.000   136.0207   -43.5647     23.070
    3.0000     9.1000   106.7947   -52.5317     20.000   135.8908   -43.4885     23.065
    3.0000     9.2000   106.8358   -52.4349     20.000   135.8723   -43.4041     23.071
    2.9000     9.3000   106.7204   -52.3133     20.000   135.7431   -43.3276     23.066
    2.9000     9.4000   106.7615   -52.2165     20.000   135.7252   -43.2431     23.072
    2.8000     9.4000   106.6057   -52.1916     20.000   135.6144   -43.2508     23.061
    2.8000     9.5000   106.6470   -52.0949     20.000   135.5967   -43.1663     23.067
    2.7000     9.6000   106.5332   -51.9731     20.000   135.4688   -43.0891     23.062
    2.7000     9.7000   106.5745   -51.8764     20.000   135.4516   -43.0046     23.068
    2.6000     9.8000   106.4616   -51.7546     20.000   135.3244   -42.9272     23.063
    2.6000     9.8000   106.4616   -51.7546     20.000   135.3244   -42.9272     23.063
    2.6000     9.9000   106.5029   -51.6579     20.000   135.3076   -42.8426     23.069
    2.5000    10.0000   106.3909   -51.5360     20.000   135.1811   -42.7649     23.064
    2.5000    10.1000   106.4322   -51.4393     20.000   135.1648   -42.6803     23.070
    2.4000    10.2000   106.3211   -51.3174     20.000   135.0391   -42.6022     23.064
    2.4000    10.2000   106.3211   -51.3174     20.000   135.0391   -42.6022     23.064
    2.3000    10.3000   106.2107   -51.1953     20.000   134.9139   -42.5239     23.059
    2.3000    10.4000   106.2521   -51.0987     20.000   134.8983   -42.4392     23.065
    2.2000    10.5000   106.1426   -50.9765     20.000   134.7738   -42.3605     23.060
    2.2000    10.6000   106.1840   -50.8800     20.000   134.7586   -42.2758     23.066
    2.1000    10.6000   106.0337   -50.8542     20.000   134.6498   -42.2816     23.055
    2.1000    10.7000   106.0753   -50.7578     20.000   134.6349   -42.1968     23.061
    2.0000    10.8000   105.9673   -50.6354     20.000   134.5117   -42.1176     23.056
    2.0000    10.9000   106.0089   -50.5390     20.000   134.4972   -42.0328     23.062
    1.9000    11.0000   105.9017   -50.4165     20.000   134.3747   -41.9533     23.057
    1.9000    11.1000   105.9433   -50.3201     20.000   134.3607   -41.8685     23.063
    1.8000    11.1000   105.7952   -50.2940     20.000   134.2526   -41.8736     23.052
    1.8000    11.2000   105.8369   -50.1976     20.000   134.2389   -41.7887     23.057
    1.7000    11.3000   105.7312   -50.0750     20.000   134.1176   -41.7086     23.052
    1.7000    11.4000   105.7730   -49.9787     20.000   134.1042   -41.6237     23.058
    1.6000    11.5000   105.6681   -49.8560     20.000   133.9836   -41.5433     23.053
    1.6000    11.5000   105.6681   -49.8560     20.000   133.9836   -41.5433     23.053
    1.5000    11.6000   105.5639   -49.7333     20.000   133.8635   -41.4627     23.048
    1.5000    11.7000   105.6057   -49.6370     20.000   133.8509   -41.3777     23.054
    1.4000    11.8000   105.5023   -49.5142     20.000   133.7315   -41.2968     23.049
    1.4000    11.9000   105.5442   -49.4180     20.000   133.7193   -41.2118     23.055
    1.3000    11.9000   105.3995   -49.3913     20.000   133.6125   -41.2157     23.044
    1.3000    12.0000   105.4415   -49.2951     20.000   133.6006   -41.1306     23.050
    1.2000    12.1000   105.3395   -49.1721     20.000   133.4824   -41.0492     23.045
    1.2000    12.2000   105.3815   -49.0759     20.000   133.4708   -40.9641     23.050
    1.1000    12.3000   105.2802   -48.9529     20.000   133.3533   -40.8823     23.045
    1.1000    12.4000   105.3222   -48.8568     20.000   133.3422   -40.7972     23.051
    1.0000    12.4000   105.1796   -48.8298     20.000   133.2363   -40.8004     23.040
    1.0000    12.5000   105.2217   -48.7337     20.000   133.2254   -40.7152     23.046
    0.9000    12.6000   105.1219   -48.6105     20.000   133.1091   -40.6330     23.041
    0.9000    12.7000   105.1640   -48.5144     20.000   133.0987   -40.5478     23.047
    0.8000    12.8000   105.0649   -48.3912     20.000   132.9831   -40.4652     23.042
    0.8000    12.8000   105.0649   -48.3912     20.000   132.9831   -40.4652     23.042
    0.7000    12.9000   104.9664   -48.2678     20.000   132.8679   -40.3825     23.037
    0.6000    13.0000   104.8685   -48.1444     20.000   132.7531   -40.2995     23.032
    0.6000    13.1000   104.9108   -48.0485     20.000   132.7436   -40.2142     23.038
    0.5000    13.2000   104.8137   -47.9250     20.000   132.6296   -40.1309     23.033
    0.5000    13.2000   104.8137   -47.9250     20.000   132.6296   -40.1309     23.033
    0.4000    13.3000   104.7171   -47.8014     20.000   132.5160   -40.0474     23.028
    0.4000    13.4000   104.7596   -47.7055     20.000   132.5072   -39.9620     23.033
    0.3000    13.5000   104.6637   -47.5819     20.000   132.3943   -39.8782     23.028
    0.3000    13.6000   104.7062   -47.4861     20.000   132.3859   -39.7929     23.034
    0.2000    13.6000   104.5684   -47.4581     20.000   132.2819   -39.7942     23.023
    0.2000    13.7000   104.6110   -47.3624     20.000   132.2737   -39.7088     23.029
    0.1000    13.8000   104.5165   -47.2386     20.000   132.1620   -39.6245     23.024
    0.1000    13.9000   104.5590   -47.1429     20.000   132.1542   -39.5391     23.030
    0.0000    14.0000   104.4652   -47.0190     20.000   132.0432   -39.4545     23.025
  360.0000    14.1000   104.5077   -46.9233     20.000   132.0357   -39.3691     23.031
  359.9000    14.1000   104.3719   -46.8951     20.000   131.9326   -39.3698     23.020
  359.9000    14.2000   104.4146   -46.7995     20.000   131.9254   -39.2843     23.026
  359.8000    14.3000   104.3220   -46.6755     20.000   131.8155   -39.1992     23.021
  359.8000    14.4000   104.3646   -46.5799     20.000   131.8087   -39.1138     23.027
  359.7000    14.5000   104.2727   -46.4559     20.000   131.6995   -39.0285     23.022
  359.7000    14.5000   104.2727   -46.4559     20.000   131.6995   -39.0285     23.022
  359.6000    14.6000   104.1814   -46.3318     20.000   131.5908   -38.9429     23.017
  359.6000    14.7000   104.2241   -46.2362     20.000   131.5846   -38.8574     23.023
  359.5000    14.8000   104.1334   -46.1121     20.000   131.4765   -38.7716     23.017
  359.4000    14.9000   104.0433   -45.9879     20.000   131.3689   -38.6856     23.012
  359.4000    14.9000   104.0433   -45.9879     20.000   131.3689   -38.6856     23.012
  359.3000    15.0000   103.9537   -45.8636     20.000   131.2617   -38.5993     23.007
  359.3000    15.1000   103.9967   -45.7682     20.000   131.2564   -38.5138     23.013
  359.2000    15.2000   103.9078   -45.6438     20.000   131.1498   -38.4273     23.008
  359.2000    15.3000   103.9507   -45.5484     20.000   131.1449   -38.3417     23.014
  359.1000    15.4000   103.8624   -45.4241     20.000   131.0391   -38.2549     23.009
  359.1000    15.4000   103.8624   -45.4241     20.000   131.0391   -38.2549     23.009
  359.0000    15.5000   103.7747   -45.2996     20.000   130.9337   -38.1680     23.004
  359.0000    15.6000   103.8177   -45.2043     20.000   130.9293   -38.0823     23.010
  358.9000    15.7000   103.7306   -45.0798     20.000   130.8246   -37.9951     23.005
  358.9000    15.8000   103.7736   -44.9845     20.000   130.8206   -37.9095     23.011
  358.8000    15.8000   103.6441   -44.9552     20.000   130.7203   -37.9077     23.000
  358.8000    15.9000   103.6872   -44.8600     20.000   130.7166   -37.8220     23.006
  358.7000    16.0000   103.6013   -44.7354     20.000   130.6129   -37.7344     23.001
