#      RA     DEC  D_kpc
  335.50   -32.99   66.7
  335.36   -33.38   65.9
  335.23   -33.76   65.0
  335.09   -34.15   64.1
  334.95   -34.53   63.2
  334.81   -34.91   62.3
  334.67   -35.30   61.3
  334.53   -35.68   60.4
  334.38   -36.06   59.4
  334.23   -36.44   58.4
  334.09   -36.83   57.4
  333.94   -37.21   56.4
  333.78   -37.59   55.4
  333.63   -37.97   54.4
  333.47   -38.35   53.4
  333.32   -38.74   52.4
  333.16   -39.12   51.4
  332.99   -39.50   50.5
  332.83   -39.88   49.5
  332.66   -40.26   48.6
  332.50   -40.64   47.7
  332.33   -41.02   46.9
  332.15   -41.40   46.1
  331.98   -41.78   45.3
  331.80   -42.15   44.7
  331.62   -42.53   44.0
  331.44   -42.91   43.4
  331.26   -43.29   42.9
  331.07   -43.67   42.5
  330.88   -44.04   42.1
  330.69   -44.42   41.7
  330.49   -44.79   41.4
  330.29   -45.17   41.1
  330.09   -45.55   40.9
  329.89   -45.92   40.7
  329.69   -46.30   40.5
  329.48   -46.67   40.3
  329.26   -47.04   40.1
  329.05   -47.42   40.0
  328.83   -47.79   39.9
  328.61   -48.16   39.7
  328.38   -48.53   39.6
  328.16   -48.91   39.5
  327.92   -49.28   39.3
  327.69   -49.65   39.1
  327.45   -50.02   39.0
  327.21   -50.39   38.8
  326.96   -50.76   38.6
  326.71   -51.13   38.4
  326.45   -51.49   38.2
  326.19   -51.86   38.0
  325.93   -52.23   37.8
  325.66   -52.60   37.6
  325.39   -52.96   37.3
  325.11   -53.33   37.1
  324.83   -53.69   36.8
  324.55   -54.05   36.6
  324.26   -54.42   36.3
  323.96   -54.78   36.1
  323.66   -55.14   35.8
  323.35   -55.50   35.5
  323.04   -55.86   35.3
  322.72   -56.22   35.0
  322.40   -56.58   34.7
  322.06   -56.94   34.4
  321.73   -57.30   34.1
  321.39   -57.65   33.8
  321.04   -58.01   33.6
  320.68   -58.36   33.3
  320.32   -58.72   33.0
  319.95   -59.07   32.7
  319.57   -59.42   32.4
  319.18   -59.77   32.1
  318.79   -60.12   31.8
  318.38   -60.47   31.5
  317.97   -60.82   31.3
  317.55   -61.16   31.0
  317.12   -61.51   30.7
  316.69   -61.85   30.4
  316.24   -62.19   30.1
  315.78   -62.53   29.9
  315.31   -62.87   29.6
  314.83   -63.21   29.3
  314.34   -63.54   29.1
  313.84   -63.88   28.8
  313.33   -64.21   28.6
  312.80   -64.54   28.3
  312.26   -64.87   28.1
  311.71   -65.19   27.9
  311.14   -65.52   27.7
  310.56   -65.84   27.4
  309.97   -66.16   27.2
  309.36   -66.48   27.0
  308.73   -66.79   26.8
  308.09   -67.11   26.7
  307.44   -67.42   26.5
  306.76   -67.73   26.3
  306.07   -68.03   26.1
  305.36   -68.33   26.0
  304.63   -68.63   25.8
  303.88   -68.93   25.7
  303.11   -69.22   25.5
  302.32   -69.51   25.4
  301.51   -69.79   25.3
  300.67   -70.08   25.1
  299.82   -70.35   25.0
  298.94   -70.63   24.9
  298.04   -70.90   24.8
  297.11   -71.16   24.7
  296.16   -71.42   24.6
  295.18   -71.67   24.5
  294.17   -71.92   24.4
  293.14   -72.17   24.3
  292.08   -72.41   24.2
  290.99   -72.64   24.1
  289.88   -72.87   24.0
  288.74   -73.09   23.9
  287.56   -73.30   23.9
  286.36   -73.51   23.8
  285.13   -73.71   23.7
  283.87   -73.91   23.6
  282.58   -74.09   23.6
  281.26   -74.27   23.5
  279.91   -74.44   23.4
  278.54   -74.60   23.4
  277.14   -74.76   23.3
  275.71   -74.90   23.2
  274.25   -75.04   23.2
  272.77   -75.16   23.1
  271.26   -75.28   23.0
  269.73   -75.39   23.0
  268.19   -75.48   22.9
  266.62   -75.57   22.9
  265.03   -75.64   22.8
  263.43   -75.71   22.7
  261.82   -75.76   22.7
  260.20   -75.81   22.6
  258.56   -75.84   22.5
  256.92   -75.86   22.5
  255.28   -75.87   22.4
  253.64   -75.87   22.3
  252.00   -75.86   22.3
  250.36   -75.84   22.2
  248.73   -75.80   22.1
  247.10   -75.76   22.1
  245.49   -75.70   22.0
  243.89   -75.63   21.9
  242.31   -75.56   21.8
  240.75   -75.47   21.8
  239.20   -75.37   21.7
  237.68   -75.26   21.6
  236.17   -75.15   21.5
  234.70   -75.02   21.5
  233.24   -74.88   21.4
  231.81   -74.74   21.3
  230.41   -74.59   21.2
  229.04   -74.42   21.1
  227.70   -74.25   21.1
  226.38   -74.07   21.0
  225.09   -73.89   20.9
  223.83   -73.69   20.8
  222.60   -73.49   20.7
  221.40   -73.29   20.7
  220.23   -73.07   20.6
  219.09   -72.85   20.5
  217.97   -72.62   20.4
  216.89   -72.39   20.3
  215.83   -72.15   20.2
  214.79   -71.91   20.2
  213.79   -71.66   20.1
  212.81   -71.41   20.0
  211.85   -71.15   19.9
  210.92   -70.89   19.8
  210.02   -70.62   19.8
  209.13   -70.35   19.7
  208.27   -70.07   19.6
  207.44   -69.79   19.5
  206.62   -69.51   19.4
  205.83   -69.22   19.3
  205.05   -68.93   19.3
  204.30   -68.64   19.2
  203.56   -68.34   19.1
  202.84   -68.04   19.0
  202.14   -67.74   19.0
  201.46   -67.43   18.9
  200.79   -67.13   18.8
  200.15   -66.82   18.7
  199.51   -66.50   18.7
  198.89   -66.19   18.6
  198.29   -65.87   18.5
  197.70   -65.55   18.4
  197.12   -65.23   18.4
  196.56   -64.91   18.3
  196.01   -64.58   18.2
  195.47   -64.26   18.2
  194.95   -63.93   18.1
  194.43   -63.60   18.0
  193.93   -63.27   18.0
  193.44   -62.93   17.9
  192.96   -62.60   17.8
  192.48   -62.26   17.8
  192.02   -61.93   17.7
  191.57   -61.59   17.6
  191.13   -61.25   17.6
  190.69   -60.91   17.5
  190.27   -60.56   17.5
  189.85   -60.22   17.4
  189.44   -59.88   17.3
  189.04   -59.53   17.3
  188.64   -59.18   17.2
  188.26   -58.83   17.2
  187.88   -58.49   17.1
  187.51   -58.13   17.1
  187.14   -57.78   17.0
  186.79   -57.43   17.0
  186.44   -57.08   16.9
  186.09   -56.72   16.9
  185.76   -56.37   16.8
  185.42   -56.01   16.8
  185.10   -55.66   16.8
  184.78   -55.30   16.7
  184.47   -54.94   16.7
  184.16   -54.58   16.6
  183.86   -54.22   16.6
  183.56   -53.86   16.5
  183.27   -53.50   16.5
  182.98   -53.14   16.5
  182.70   -52.77   16.4
  182.43   -52.41   16.4
  182.16   -52.04   16.4
  181.89   -51.68   16.3
  181.63   -51.31   16.3
  181.37   -50.95   16.3
  181.12   -50.58   16.3
  180.87   -50.21   16.2
  180.63   -49.84   16.2
  180.39   -49.47   16.2
  180.15   -49.10   16.2
  179.92   -48.73   16.1
  179.70   -48.36   16.1
  179.48   -47.99   16.1
  179.26   -47.61   16.1
  179.04   -47.24   16.1
  178.83   -46.86   16.1
  178.62   -46.49   16.0
  178.42   -46.11   16.0
  178.22   -45.74   16.0
  178.03   -45.36   16.0
  177.83   -44.98   16.0
  177.64   -44.61   16.0
  177.46   -44.23   16.0
  177.28   -43.85   16.0
  177.10   -43.47   16.0
  176.92   -43.09   16.0
  176.75   -42.71   16.0
  176.58   -42.33   16.0
  176.42   -41.95   16.0
  176.26   -41.56   16.0
  176.10   -41.18   16.0
  175.94   -40.80   16.0
  175.79   -40.41   16.0
  175.64   -40.03   16.0
  175.49   -39.64   16.0
  175.35   -39.26   16.0
  175.21   -38.87   16.0
  175.07   -38.48   16.1
  174.93   -38.10   16.1
  174.80   -37.71   16.1
  174.67   -37.32   16.1
  174.54   -36.93   16.1
  174.42   -36.54   16.1
  174.29   -36.16   16.1
  174.17   -35.77   16.2
  174.05   -35.38   16.2
  173.93   -34.99   16.2
  173.81   -34.60   16.2
  173.70   -34.21   16.2
  173.58   -33.82   16.3
  173.47   -33.43   16.3
  173.35   -33.04   16.3
  173.24   -32.65   16.3
  173.12   -32.26   16.3
  173.01   -31.87   16.4
  172.90   -31.48   16.4
  172.79   -31.09   16.4
  172.67   -30.70   16.4
  172.56   -30.31   16.5
  172.45   -29.92   16.5
  172.33   -29.53   16.5
  172.22   -29.14   16.5
  172.10   -28.75   16.6
  171.99   -28.36   16.6
  171.87   -27.98   16.6
  171.75   -27.59   16.6
  171.63   -27.20   16.7
  171.51   -26.82   16.7
  171.39   -26.43   16.7
  171.27   -26.05   16.7
  171.14   -25.66   16.7
  171.02   -25.28   16.8
  170.89   -24.90   16.8
  170.76   -24.51   16.8
  170.63   -24.13   16.8
  170.50   -23.75   16.9
  170.36   -23.37   16.9
  170.23   -22.99   16.9
  170.09   -22.60   16.9
  169.95   -22.22   16.9
  169.81   -21.84   17.0
  169.67   -21.47   17.0
  169.53   -21.09   17.0
  169.39   -20.71   17.0
  169.25   -20.33   17.0
  169.10   -19.95   17.0
  168.96   -19.57   17.1
  168.81   -19.20   17.1
  168.67   -18.82   17.1
  168.52   -18.44   17.1
  168.37   -18.06   17.1
  168.22   -17.69   17.2
  168.07   -17.31   17.2
  167.92   -16.94   17.2
  167.77   -16.56   17.2
  167.61   -16.18   17.2
  167.46   -15.81   17.3
  167.31   -15.43   17.3
  167.15   -15.06   17.3
  167.00   -14.68   17.3
  166.84   -14.31   17.4
  166.69   -13.93   17.4
  166.53   -13.56   17.4
  166.38   -13.18   17.4
  166.22   -12.81   17.5
  166.06   -12.44   17.5
  165.91   -12.06   17.5
  165.75   -11.69   17.6
  165.59   -11.31   17.6
  165.44   -10.94   17.6
  165.28   -10.57   17.7
  165.12   -10.19   17.7
  164.96    -9.82   17.7
  164.80    -9.44   17.8
  164.65    -9.07   17.8
  164.49    -8.70   17.9
  164.33    -8.32   17.9
  164.17    -7.95   18.0
  164.01    -7.57   18.0
  163.86    -7.20   18.1
  163.70    -6.83   18.1
  163.54    -6.45   18.2
  163.38    -6.08   18.3
  163.23    -5.70   18.3
  163.07    -5.33   18.4
  162.91    -4.96   18.5
  162.76    -4.58   18.5
  162.60    -4.21   18.6
  162.44    -3.83   18.7
  162.29    -3.46   18.7
  162.13    -3.08   18.8
  161.98    -2.71   18.9
  161.82    -2.34   19.0
  161.67    -1.96   19.1
  161.52    -1.59   19.2
  161.37    -1.21   19.3
  161.21    -0.84   19.4
  161.06    -0.46   19.5
  160.91    -0.08   19.6
  160.76     0.29   19.7
  160.61     0.67   19.8
  160.46     1.04   19.9
  160.32     1.42   20.0
  160.17     1.80   20.1
  160.02     2.17   20.2
  159.88     2.55   20.3
  159.73     2.92   20.5
  159.59     3.30   20.6
  159.44     3.68   20.7
  159.30     4.06   20.8
  159.15     4.43   21.0
  159.01     4.81   21.1
  158.87     5.19   21.2
  158.73     5.56   21.4
  158.58     5.94   21.5
  158.44     6.32   21.6
  158.30     6.70   21.8
  158.16     7.07   21.9
  158.02     7.45   22.1
  157.88     7.83   22.2
  157.74     8.21   22.4
  157.60     8.59   22.5
  157.46     8.96   22.7
  157.32     9.34   22.8
  157.18     9.72   23.0
  157.05    10.10   23.2
  156.91    10.48   23.3
  156.77    10.86   23.5
  156.63    11.23   23.7
  156.49    11.61   23.8
  156.36    11.99   24.0
  156.22    12.37   24.2
  156.08    12.75   24.4
  155.94    13.13   24.5
  155.81    13.51   24.7
  155.67    13.88   24.9
  155.53    14.26   25.1
  155.39    14.64   25.3
  155.25    15.02   25.5
  155.12    15.40   25.7
  154.98    15.78   25.9
  154.84    16.16   26.1
  154.70    16.53   26.2
  154.57    16.91   26.4
  154.43    17.29   26.6
  154.29    17.67   26.8
  154.15    18.05   27.1
  154.01    18.43   27.3
  153.87    18.81   27.5
  153.73    19.19   27.7
  153.59    19.56   27.9
  153.45    19.94   28.1
  153.31    20.32   28.3
  153.17    20.70   28.5
  153.03    21.08   28.8
  152.89    21.46   29.0
  152.75    21.83   29.2
  152.60    22.21   29.4
  152.46    22.59   29.6
  152.32    22.97   29.9
  152.18    23.35   30.1
  152.03    23.73   30.3
  151.89    24.10   30.6
  151.74    24.48   30.8
  151.59    24.86   31.0
  151.45    25.24   31.3
  151.30    25.62   31.5
  151.15    25.99   31.8
  151.00    26.37   32.0
  150.86    26.75   32.2
  150.71    27.13   32.5
  150.56    27.50   32.7
  150.41    27.88   33.0
  150.26    28.26   33.2
  150.10    28.64   33.5
  149.95    29.01   33.7
  149.80    29.39   34.0
  149.65    29.77   34.2
  149.50    30.15   34.5
  149.35    30.52   34.7
  149.19    30.90   35.0
  149.04    31.28   35.2
  148.89    31.66   35.5
  148.73    32.04   35.8
  148.58    32.42   36.0
  148.43    32.79   36.3
  148.27    33.17   36.5
  148.12    33.55   36.8
  147.97    33.93   37.1
  147.82    34.31   37.3
  147.66    34.69   37.6
  147.51    35.07   37.9
  147.36    35.45   38.1
  147.21    35.83   38.4
  147.05    36.21   38.7
  146.90    36.59   38.9
  146.75    36.98   39.2
  146.60    37.36   39.5
  146.45    37.74   39.7
  146.30    38.12   40.0
  146.15    38.51   40.3
  146.00    38.89   40.6
  145.85    39.28   40.8
  145.71    39.66   41.1
  145.56    40.05   41.4
  145.41    40.43   41.7
  145.27    40.82   41.9
  145.12    41.21   42.2
  144.97    41.59   42.5
  144.83    41.98   42.7
  144.68    42.37   43.0
  144.54    42.76   43.3
  144.39    43.15   43.6
  144.25    43.54   43.9
  144.10    43.93   44.1
  143.96    44.32   44.4
  143.81    44.71   44.7
  143.66    45.10   45.0
  143.52    45.49   45.2
  143.37    45.88   45.5
  143.22    46.27   45.8
  143.07    46.66   46.1
  142.92    47.05   46.3
  142.77    47.45   46.6
  142.62    47.84   46.9
  142.47    48.23   47.2
  142.31    48.62   47.4
  142.16    49.02   47.7
  142.00    49.41   48.0
  141.84    49.80   48.3
  141.68    50.20   48.5
  141.52    50.59   48.8
